1368
6834
846
2781
4102
427
800
3372
915
1485
5654
4494
1824
8337
3372
2955
33
1759
3570
1080
866
1579
6908
3176
22782
3202
769
1406
7263
777
1464
859
3141
2500
844
1870
1114
14906
5309
3537
30
1322
305
8283
1504
451
2728
1945
1612
9001
3717
284
3391
349
5556
11891
6279
908
15487
545
4201
4592
436
2523
437
227
1791
2715
2407
5247
1145
86
1071
300
3231
2835
8190
18
5797
2591
780
962
2698
4663
1500
691
1908
2702
4092
6316
307
40
1555
12366
5023
2385
2160
272
4358
1410
123
2988
1772
758
5681
2848
143
6175
2592
3685
1751
1428
2046
382
2382
4396
679
6159
24
3819
2685
839
2170
849
1451
278
900
257
2493
915
9255
11896
9509
719
213
4732
1910
2293
3295
2130
7201
2567
34
34
519
6404
1007
1316
1061
1635
292
4303
2961
3585
337
1932
10272
781
358
3114
3357
12047
4588
4369
3300
5557
1344
2245
452
238
315
527
345
2198
1547
1093
6098
26
1899
94
331
4031
2083
10200
886
4202
1645
3473
1765
278
5452
10768
731
3990
2849
6979
1134
1565
5093
3869
245
840
2361
145
795
11598
2356
2746
2833
729
12196
1025
253
480
997
805
1393
1132
3400
1288
6138
2482
2838
10290
856
996
2230
3212
363
909
4720
2576
3487
3580
8405
3010
951
5084
1499
483
1633
1493
2048
2044
2651
308
3554
5020
423
7357
6580
752
4928
1592
6091
1458
3701
1503
1503
226
6010
1615
5065
183
2985
10438
8223
5314
2253
802
3383
1956
1686
1174
336
5878
1520
3826
1565
4677
8888
4375
188
8657
325
97
3910
9210
6712
696
770
8829
10500
7868
789
93
489
1233
2435
1972
3428
612
940
7182
217
2979
5560
7989
2030
11128
3021
1406
1468
2299
5704
2293
332
1941
9286
3296
1711
6
2746
168
1052
3058
3800
2408
281
589
3912
1290
3967
1616
1951
3063
577
415
1069
3917
1948
1202
367
1802
1625
2281
7189
2139
2451
972
2437
2786
9517
438
50
3550
1952
3128
4814
8636
3007
283
525
4933
661
2198
1442
10013
11072
12680
5087
1048
1920
6856
3725
1446
3424
2660
369
685
2042
1052
467
4530
5474
4493
6453
1826
4725
1198
410
484
1048
2990
1861
860
260
702
2936
3975
1422
2782
3194
1042
5398
2248
5902
309
14620
4714
2839
4765
2993
936
6505
1742
1489
1354
2085
12656
522
387
390
379
783
4361
1842
3133
5198
17525
1362
71
2258
8421
1884
2067
2309
722
6439
6905
1129
1514
624
3527
2605
6015
243
6287
2148
8435
1473
1953
3321
5785
232
574
357
2698
225
2021
8077
383
12485
880
3158
245
2947
2872
7201
301
1317
4059
765
982
599
659
6862
2094
3793
612
6319
228
4530
1555
2443
8378
3576
62
382
2844
3860
1933
1354
2054
3049
3619
3242
1548
1317
3722
518
483
511
1696
4445
4579
3067
5291
1326
4527
21
4272
378
1278
6800
9360
2066
6499
1342
4636
19941
1341
726
16426
4642
1239
1592
3905
1945
6070
200
1630
983
3385
23
10926
4859
4287
1203
3935
1062
700
5037
4062
4110
5549
5851
2264
583
862
167
6023
1097
4855
2125
462
2700
195
5833
3893
1025
1630
770
6017
1372
129
350
850
3458
3486
6469
8093
176
13946
3341
1032
451
14767
3053
405
1390
1467
3618
978
2164
2049
8965
3709
4095
8908
11719
831
1022
663
12495
2583
1399
4966
346
516
5572
142
6513
1001
2692
8030
908
2204
16521
4407
251
3547
10598
425
3026
6638
8587
166
1306
231
601
1966
441
1157
8002
1174
574
8857
3666
423
1340
788
2610
503
2571
5365
3138
1251
1738
410
6471
1498
7421
2214
1278
2123
2557
7149
1277
3619
1327
2566
7550
5653
3405
1477
8074
288
5368
140
1354
3769
2385
3149
2319
3874
2030
1367
1172
798
5551
2472
3198
1459
438
9181
4907
10477
2875
839
6693
450
1734
1210
1661
1511
5485
1351
2061
1048
4711
2062
2277
11449
976
4596
7184
6531
3090
4432
2414
6071
2764
7676
1403
2942
6296
2540
3294
5980
2390
2943
4645
4205
4621
152
2349
1193
6777
518
10251
400
2053
10535
2592
10940
172
3252
2373
1692
5200
762
2457
2110
2721
2149
5466
124
20
2206
3120
771
3050
17353
584
109
1731
6432
4736
503
4785
7140
497
1210
4651
6594
7305
257
4369
2834
3061
826
55
3316
1811
1296
4072
16146
1917
3616
3669
700
11684
4211
2767
660
1614
4702
1281
10016
45
4304
3644
2378
2917
3595
348
2249
11943
3783
1147
21055
1493
2630
919
367
111
528
1565
344
4580
2516
2593
624
951
7977
2748
1698
1381
7556
523
8045
2134
3583
294
33
5270
2381
6924
1862
530
745
4547
7073
2087
947
7037
7909
7411
192
3098
723
3202
5368
7601
1311
7310
26737
170
2208
4733
3511
3303
613
504
7503
57
13016
3933
5156
4501
3066
1848
1175
608
3907
13125
2095
2262
3583
1502
5095
10791
4760
4304
3032
397
18
799
7224
1431
458
1604
1006
5323
212
2555
294
346
1159
2988
2460
5914
1950
16390
3970
1209
2810
908
6347
553
4658
8105
2719
1377
14008
853
1093
1079
784
990
4003
1129
52
3324
1674
2485
662
5926
473
543
4545
2058
14483
8527
1092
2729
6060
7737
2678
2733
2296
1217
3374
5443
3241
112
1363
87
347
925
6711
457
1253
11486
57
9950
3538
303
7136
2168
13035
10714
2200
345
6503
5143
3984
5204
3584
2238
925
395
1098
2240
8316
6174
2328
8718
159
778
3190
955
9259
161
3005
2043
6418
1604
370
1687
503
3093
1605
487
7115
1903
2567
2403
5575
3812
8942
2326
2811
2106
3775
8286
4666
2755
276
2280
6886
5699
33
2596
43
721
672
648
856
7961
8275
274
7337
3433
1643
5
1293
3051
628
166
510
4537
1601
4641
395
3289
6689
28
3048
362
9919
479
17523
6979
1192
2004
4066
3856
592
2389
2703
1281
6571
1805
932
10190
2471
7734
5801
7562
2687
692
5088
11143
2167
2376
6012
641
5494
857
389
5698
5935
3517
1446
4873
4751
1673
3746
260
1781
3677
2968
2089
1492
6169
5221
15146
2905
7632
3575
934
2628
9778
2
4001
1605
438
2253
4912
1175
8550
4333
555
14957
3076
4781
1921
3421
3559
5576
431
6098
7352
2228
1077
973
5263
23248
6448
4136
2608
5925
426
4000
2040
1503
563
3272
7086
1271
294
1648
1085
2945
14170
344
1732
190
3309
12971
2957
10822
825
9805
27
7780
333
362
10095
4340
9267
3895
3529
6367
974
1270
2364
856
1412
5217
227
5524
10018
3910
2153
7
2923
378
3071
4964
12
6779
734
2549
1748
1198
270
29
1193
1079
2501
3867
970
3055
1780
10147
1383
3878
1146
719
567
1221
2191
4282
5267
1666
8435
1993
2221
426
5524
3858
2581
3528
2890
1862
629
2281
648
3023
529
1561
1326
1850
9666
3093
2496
3606
2898
9880
424
669
8572
9061
932
4080
60
10787
4648
893
4475
5842
5527
7222
544
6879
2326
6713
163
5058
1151
4170
596
134
4122
1654
1630
3481
1314
3357
2728
9430
1078
858
1492
6124
1279
959
8317
8322
7278
197
5003
5390
709
1778
617
8486
6041
22627
8750
107
5843
12669
21527
3768
987
124
1426
3109
5622
1288
2690
4189
4838
2778
935
10301
1879
3934
1035
395
10931
281
3906
1049
4982
891
553
6762
4632
9693
4481
3637
7177
1608
912
17505
142
252
5222
4162
4386
379
5863
4525
1168
1545
9877
2250
4010
802
6219
1525
1861
10112
9066
2744
4993
1256
4769
3312
4699
2794
708
4163
1687
2395
1721
176
2937
2514
5787
4909
2330
3602
6942
1148
126
858
45
4754
8461
4890
3252
3264
949
792
5594
564
5249
6274
1986
2525
1064
2745
4470
1532
2618
6423
2718
17558
5248
5569
5971
7904
2617
80
1283
1845
3678
593
2524
2092
1030
250
880
974
181
3033
1637
16272
1840
2883
3032
2140
1984
2464
11341
2705
7232
7893
9531
3766
262
519
3351
3838
1064
4667
1457
2532
1656
5980
16
592
7777
967
5716
1177
955
6144
5417
3983
8272
4120
8340
3194
4319
3859
1076
455
348
7443
2293
10154
2301
1541
4082
3832
2237
2771
2275
3655
3717
525
3121
1548
1578
6714
910
6369
9569
4935
4149
5843
1060
414
2416
3610
4474
866
2311
1634
4225
1424
2596
858
1427
3506
733
12434
1585
4202
2518
714
4410
258
8826
698
49
5722
922
5250
3105
212
3078
3259
1656
69
5832
3671
599
3326
2606
1508
992
11779
2295
1396
153
2612
853
514
2483
2600
3
472
1440
181
1661
2932
3108
3217
5229
562
356
368
5240
318
4219
5178
1224
5425
1751
2333
387
3613
3105
1088
3362
1858
4331
782
2456
6181
1317
3426
1477
2422
2813
5758
740
2967
355
3972
474
215
1504
619
735
7672
4119
2864
3507
1004
4847
2648
10540
1399
176
1499
1565
293
520
1939
2498
1227
7798
7739
718
5223
3364
4344
3444
533
784
420
972
10522
1124
566
3289
648
2284
605
2492
439
976
1613
3225
1893
1809
4429
3942
1587
3954
5442
5359
31
1735
1486
3319
4920
4126
571
2151
4845
2242
2000
90
260
4631
2428
2069
15818
3555
273
312
847
954
2766
1356
135
1954
2322
7112
5449
1102
1240
14184
1680
3338
1531
5613
46
86
5286
4510
7906
7058
354
1937
3937
564
756
7919
3864
760
4917
6224
264
3284
1934
3703
2444
1927
1623
907
2020
204
373
760
1381
15242
250
2203
4778
5532
7687
3430
4688
5621
685
1640
3491
1879
3523
1985
4212
117
34
3514
594
2299
343
3228
2292
1496
12
1151
12098
301
15822
2877
4855
7399
7408
2333
7785
7167
8390
1278
3107
1669
3793
14931
1441
167
3083
6534
3320
1178
16508
1396
8995
2834
2239
2755
2660
3173
9003
483
4231
363
16675
1415
708
10680
170
11981
1502
8918
897
1437
6400
15637
17395
10490
5663
1596
3473
2011
363
551
5202
1759
17630
6557
2988
75
6240
5245
8046
19
5377
712
4466
879
109
732
73
5975
5984
3433
709
2938
13
2759
892
2056
765
2684
10205
5257
3188
1452
53
4054
3149
4058
1477
6434
564
8233
7702
1468
1279
4483
1706
3115
303
5484
995
10271
2545
9934
798
781
146
3800
1445
1640
352
3301
8666
584
6710
427
641
2219
2785
868
3300
1089
1673
1983
1365
2280
1014
14898
822
1660
2584
1026
1604
6726
539
2525
7100
876
2818
2939
1323
2339
1192
5202
2362
4406
1125
7
1711
977
1103
1068
29
3765
1065
937
696
4084
7189
5234
3897
713
3323
6577
2187
8724
5078
3412
3411
5187
1604
9782
3287
3120
4539
538
6900
5940
3365
6407
8667
5807
1904
202
305
7091
7425
3151
1677
1687
1674
2916
5317
1081
2179
687
3870
2037
5954
138
1262
4186
2165
847
1660
1405
239
5938
5918
544
1949
811
3611
1233
7719
171
141
634
3921
5712
715
556
1718
74
2701
3880
1448
83
3501
4464
364
653
3454
1816
831
8025
17448
2628
1670
6423
493
5709
9027
199
7178
10205
1517
4066
1143
12653
223
6372
1235
3276
12250
1553
4665
7360
9158
768
4294
4665
1040
5534
1221
6995
1971
2218
284
14543
1721
5256
1542
2188
3787
6762
3791
3166
1745
4423
12094
3020
3063
2234
8897
399
7375
461
2161
397
1363
1097
898
3811
42
980
721
382
589
1179
1620
6682
2206
5664
1259
3148
5297
4643
2460
16660
161
6470
1510
1883
10713
764
7764
4253
26012
351
7309
2418
1183
1746
2050
12151
469
1173
9
3970
286
2906
2899
1873
3118
5002
3020
205
511
1516
3903
866
857
4916
900
7459
7958
2321
925
5272
1167
4444
2684
8257
1287
5427
5145
1945
12866
874
5358
6481
208
320
629
5043
1647
380
2827
4572
1275
6660
3451
2285
2654
2595
448
3695
4550
3310
5982
1690
11668
2061
1662
5990
2655
7328
4595
5
5480
12972
4765
1535
909
6218
226
903
3862
3906
671
724
2856
612
7082
16091
1582
6515
1352
987
1794
4730
1997
3550
8631
9902
3942
7298
3245
8911
9123
14747
2470
138
6274
1648
19370
4331
5604
812
324
515
233
325
19400
72
1304
6655
12208
3370
685
7714
662
340
1533
2037
3361
28
1292
1751
3287
700
4565
3104
1069
6019
3472
1972
2767
523
1937
6444
676
3864
1457
1354
312
7195
31
137
5112
3617
249
227
7038
111
935
9296
1156
1407
34
3262
624
2420
473
4463
450
4487
364
588
407
3283
1409
56
992
7813
1344
5729
2638
641
1529
3563
6164
730
7624
1639
1916
1762
1626
3896
5413
1026
2706
10057
496
339
1322
858
2850
2474
792
4653
1570
2020
912
7766
3795
1015
2175
3000
2610
1135
1133
1586
2783
476
853
1876
6273
481
1627
603
5727
1988
3085
1526
733
380
1386
196
896
1510
2202
3982
3907
1694
459
14056
1496
2203
113
5671
1087
448
5280
4250
947
1831
4822
1005
1120
2673
1635
6720
8502
1494
979
1110
9349
627
3441
7486
779
594
2613
4038
8390
5652
5419
2680
12828
5982
2682
219
1066
2546
108
20284
8307
8844
1904
1898
2399
1799
3244
399
9795
1121
143
110
3133
2038
1376
6157
3834
2717
9167
992
700
1985
1871
1315
14
1989
4254
3957
8795
6218
2367
4472
657
615
42
1862
5582
35
2688
146
10437
3582
445
1894
5
5218
8
3143
5553
252
2676
3488
500
125
265
5684
5510
4904
1778
9783
11339
3531
94
581
6919
4341
7137
769
5311
6433
2367
4992
7505
61
5091
3337
1897
204
6414
496
809
1490
1415
2326
2365
4365
781
3765
832
2232
7872
2852
509
5837
1189
1688
907
560
266
2806
8188
999
502
9493
270
2223
2987
3681
6046
514
6536
952
1738
10754
7883
275
3280
1707
1258
7451
3132
6018
1366
3060
1531
5391
1652
2410
4759
133
1003
661
9636
367
1393
2159
1679
8746
225
1581
2769
136
2308
651
7609
2289
2006
1391
5324
1356
994
2566
3114
979
7780
11991
2005
8549
1785
1787
6651
5761
821
9557
881
2673
558
8240
1023
2076
4607
1416
559
4009
1771
5742
4586
661
665
1944
2335
432
12082
995
923
4841
2957
1471
2816
2167
5323
2869
1376
2152
66
1069
3970
155
3866
273
1570
11295
9322
3822
6504
4380
333
11215
3714
1920
7027
1541
13816
6047
1739
4277
788
7364
2082
2357
12477
9832
3258
209
12790
3282
10721
1490
5474
777
12624
9329
5840
3672
820
3770
662
395
1424
4502
892
729
187
561
13738
559
4623
1975
343
4304
1301
2214
2745
9485
1954
207
554
2540
104
8141
5665
1279
4162
11582
4062
9643
6479
111
383
5305
703
7171
2083
9786
12975
349
7905
8395
283
4296
350
7525
4218
1285
852
13149
3599
734
3151
8461
946
506
2333
76
1299
3791
1142
4920
1424
3477
572
3277
2284
3465
3541
6437
424
1015
997
553
1989
1262
2046
1771
10
7956
1631
1027
8075
535
735
3929
1052
3878
448
951
7030
72
3603
5353
2334
1335
2265
50
6746
646
8249
6446
1000
332
924
2895
4304
2065
9605
4824
937
2067
65
3503
5237
739
3644
3759
383
933
1566
953
6936
762
1299
2181
558
1761
2162
1656
2057
7595
1116
438
2069
7015
9803
3513
80
211
16041
2001
115
91
565
3379
8855
385
7343
1794
2744
1701
208
2373
3017
1308
2499
807
8345
2094
182
946
4756
8861
1297
1764
1446
363
5879
726
295
3381
1595
3994
3614
2711
5582
2394
943
4165
7948
7489
2110
7406
1030
1640
6961
1195
3478
177
4390
2628
2348
545
1892
929
921
1756
2915
536
4704
922
2124
376
6536
903
519
2798
2785
4796
4553
3585
795
8501
246
573
1935
5994
742
878
6837
4858
6368
11896
4881
1119
1293
2716
12501
5309
4839
6226
3385
4853
1189
11076
4843
244
814
4769
298
151
5875
1810
9497
1010
175
2101
636
2546
9840
570
1007
9171
2091
1294
1227
256
996
7707
9048
1152
1330
3936
717
7909
13340
2888
1541
6885
2255
4068
2151
2235
2897
3449
123
665
1832
3675
1265
2304
8124
3849
8591
336
144
3095
2491
4990
2499
376
48
3662
305
637
3478
6154
47
3629
682
12489
2182
629
915
8407
2723
3929
3493
167
5018
395
2219
2485
4073
9467
2104
262
2478
1541
5212
1639
1005
4002
3610
5145
829
12892
1094
1144
194
745
3803
5344
4508
3687
4098
3861
5060
3028
7817
606
4330
9306
751
1120
332
1859
2400
738
11710
450
1383
1767
1092
2712
3055
251
9550
5556
945
5225
9
1618
2317
797
6270
6487
4913
5724
9341
275
4724
222
1480
254
9257
1882
786
168
2243
6981
2664
1386
2338
16826
6405
2239
1779
11616
8222
874
1909
2183
4970
5200
3763
3151
1688
1375
5518
2498
3626
6940
1074
549
1763
120
5296
6257
1186
16051
2557
1441
5820
708
1429
2734
1865
3981
2095
1774
8679
9913
582
2731
6138
9988
632
958
4272
1194
876
38
1466
2306
6351
2687
5301
1057
400
711
161
1791
195
1408
5904
6235
5308
580
6250
763
364
6542
498
522
241
7426
3211
6439
4070
408
1193
8133
4233
1038
10865
532
2896
4219
1324
2720
6775
2450
8408
1147
1892
3229
389
134
4624
1017
5152
2848
867
903
710
1437
1097
1500
1679
1070
2637
3560
4126
1309
1221
3395
2484
828
242
1408
4220
2844
1035
2871
3366
1400
224
3346
309
1442
3942
3086
1098
1845
6298
2796
1327
1313
1929
1182
949
2340
1588
4383
5785
9980
12243
1492
8380
14
1279
1846
606
918
1376
615
16812
4239
3107
1876
339
4279
3293
1915
956
1181
3625
458
2087
2064
1245
1566
290
1302
839
3127
7062
684
3952
1912
1898
714
1940
1026
3131
1049
10447
1123
6962
1349
2130
1287
8720
6453
150
481
1884
3699
4735
3300
1299
5696
5638
5098
1715
3252
1071
902
1493
3992
4288
337
707
605
371
1413
457
1111
5723
2263
2094
1119
294
1068
2390
5496
3191
1807
2731
1178
9109
6120
5676
26
17400
201
428
3518
40
7991
4774
3110
2931
7462
2126
5055
1522
604
1234
5391
1424
1790
2774
1607
4625
2763
6297
3956
682
875
10083
441
959
2179
7043
11686
6162
7961
3605
5420
3891
555
9153
24
2001
5061
1951
9251
5937
1240
391
3014
82
67
14921
7068
3249
2697
5262
1875
1101
4572
5243
1733
8657
1571
2242
10650
2860
2147
337
1031
3381
6208
8113
1698
1036
101
1576
9639
1929
309
4914
10867
3291
493
1540
1767
3171
4166
1564
429
96
3269
207
238
340
1514
197
4463
303
3362
1838
539
11018
2330
5182
3289
4047
2324
593
7471
4909
738
9612
1197
1288
1584
112
1143
6919
2985
2189
2210
3933
7858
6638
1516
3716
3433
4131
1671
1870
1885
3151
5976
436
368
189
754
102
2823
666
3292
3023
688
5427
1265
851
291
2256
1307
489
198
4076
6559
1444
982
1187
2320
517
90
1449
1275
23
5083
694
3344
2661
788
2142
2518
547
726
4261
8814
1187
7007
5311
1225
2592
1674
325
3180
158
3595
3185
378
2746
1425
1961
935
7579
1157
5115
4302
1117
2467
2364
1927
547
1309
6202
4079
3694
496
3714
7207
7422
5272
539
9055
2617
609
88
45
15307
14336
4941
2121
3495
1568
4013
4925
3531
9615
3061
2853
3417
3143
3131
4332
131
1038
3358
6738
8322
10510
6875
5523
300
3161
346
2779
621
2937
9317
168
8609
7382
873
859
1549
2269
5959
15
889
1010
2492
42
15548
2461
982
6637
1096
416
741
4144
1184
9271
3675
3596
4944
2719
4909
3305
1720
2480
1756
2695
1559
4205
869
1821
337
2444
1148
2037
1092
435
2057
445
353
1660
1912
4057
11586
2407
134
8265
2885
1496
2222
1270
5506
808
4238
75
3136
1388
6791
69
994
911
6006
469
747
1642
153
1268
215
1268
870
3674
693
2084
3066
16
79
1775
15430
5102
1411
11715
2087
4126
4861
1339
3975
1504
11554
591
2138
2328
1329
192
2133
781
2536
1426
1771
5853
2612
3710
75
806
2804
3157
3088
6300
1892
6710
3928
1080
496
12316
181
14541
7350
86
8059
2913
3011
2914
6873
1026
1117
9515
925
727
1199
634
2676
16925
8188
9239
18141
8899
1248
3382
514
5875
570
2961
4667
3153
634
1115
447
967
506
6713
199
112
5917
479
1458
3023
1792
525
2047
828
4216
1820
5128
1577
13739
514
8040
318
1277
2819
3519
1948
3
5426
3726
1104
6821
6318
329
4805
749
4604
1064
4929
7259
170
2173
2500
2471
444
63
4129
1955
2057
1746
382
6360
861
967
6370
2524
8569
4736
366
11103
1487
952
10766
2126
1422
7
1861
6469
3579
2036
7963
12961
7183
1983
906
835
3642
6068
3793
5262
82
2974
2248
9459
3614
4274
10097
1846
4583
2979
4214
2572
5559
250
2555
67
3210
79
290
2599
7286
4584
2829
11534
6672
1518
1005
2651
1236
1243
5231
4434
2845
874
349
1275
4605
2394
9642
2223
7302
1524
7523
7431
2333
2892
7424
2225
2860
11246
1500
4401
687
182
4957
6112
1626
1316
1970
8746
4061
6939
1006
182
5315
13232
1399
2558
899
377
1922
1418
6017
2445
1295
6952
774
505
1324
2066
1775
1226
1302
1602
2407
3454
1569
530
10311
3984
6855
938
5830
786
2660
3329
380
3693
10284
26
1326
316
11975
610
4033
632
9
1195
674
1126
1194
5129
176
10714
5763
5115
130
1208
677
6228
434
4517
1305
136
931
9145
839
2304
3326
32
3310
186
210
5752
750
7469
1352
4369
1522
5096
889
829
23
2441
6893
248
8442
10580
2371
1926
283
2639
1858
5181
147
17
1656
567
6783
1142
247
657
570
5877
168
1158
2132
1543
2500
4301
765
1429
5349
999
1482
136
899
2093
310
6344
549
1480
491
726
686
1360
150
160
3861
4409
2761
9129
1992
1930
3793
2730
3500
2272
4113
661
1245
326
798
1463
2057
2732
2530
1680
448
10011
3609
2725
2955
341
3807
888
2374
1095
706
7564
690
2335
3690
242
3318
5907
7650
1676
1157
2243
7773
3820
3054
221
284
7589
1460
4001
1601
19725
551
537
131
29
1855
1168
3244
1854
9871
1605
192
3839
483
1748
3526
746
700
958
280
1955
6344
1408
29
3355
5603
4277
3936
2203
3017
8240
4944
6417
1018
1860
1698
4427
6243
6586
3124
3794
56
1233
125
3616
5365
4076
478
2046
413
1028
18473
4581
319
1354
2175
6351
2466
3481
2561
3238
9450
102
242
3878
492
2500
1622
7800
3776
728
7416
1276
6566
1424
2297
2392
1736
2261
2782
1631
4768
1711
248
1790
2465
822
5051
644
2046
1797
3271
972
5194
135
2569
3427
436
632
2918
1014
600
1366
2952
216
1090
925
703
2365
718
538
1948
502
11026
5200
574
1096
797
4311
1528
2868
356
4007
5360
2695
3178
861
703
18261
2133
3562
3647
5540
826
6015
281
6173
10348
1286
707
2975
5077
1789
3500
4359
370
12435
2493
583
4915
848
1576
1568
2760
3324
900
1409
5975
282
12524
6253
10732
498
12790
5033
288
3742
4911
6649
2394
2458
3220
3394
317
660
2643
4780
796
4500
8619
2271
3299
150
2915
455
1055
5760
2347
1974
7135
3672
4864
1255
893
3929
4324
3523
1518
1308
2772
9033
4620
65
218
1895
2436
11098
7234
1010
41
859
6122
5235
2453
4925
728
692
3087
447
1781
1150
2396
3379
871
3023
9011
1141
2879
5465
4044
3335
439
569
14853
12616
4399
313
863
6026
1197
138
2206
1740
627
23466
1354
550
5369
1797
3474
626
2251
2881
1897
398
1301
314
3509
1524
3636
5676
2611
494
3732
4481
1878
384
3972
4756
399
158
2605
5931
9082
734
2996
835
180
433
455
2761
667
1174
3334
3149
2942
1525
1485
745
6039
6267
5518
202
7953
12423
8193
10574
4296
4013
3261
3874
2503
1783
5060
10299
11934
7074
5899
332
999
12795
6950
3276
214
3233
461
2317
2838
1812
725
120
73
3921
1089
3813
259
1756
5752
719
11340
1801
10972
1265
1177
272
2328
600
5069
189
1052
3873
443
2163
4126
1205
946
1155
3056
1366
5420
2910
12209
2067
5423
8023
4021
675
4836
790
1385
461
1112
2392
8023
1121
148
3809
1871
354
5316
8096
1048
1103
314
720
4421
7680
3335
495
960
323
292
8903
7017
175
4690
12447
4397
276
868
11375
180
3118
2712
156
5066
5481
1794
1385
157
4963
10784
7477
2432
576
522
2507
6256
479
2755
2097
3522
850
6279
514
3704
386
4574
2356
397
8932
7933
1705
3757
56
488
6
467
3314
6179
575
3613
3163
2321
1344
2894
954
33
686
31798
855
2286
20
631
5957
909
7018
2389
3986
2204
8851
1592
2391
2356
1409
1914
202
353
7702
7549
3062
186
5095
904
2806
6831
703
1180
1221
809
12116
1093
1113
130
5266
4825
1118
2348
3001
41
9257
612
4247
15474
9784
8239
430
6306
969
1870
1226
5157
463
2355
57
8486
3455
3348
5106
17226
3470
11327
2683
2303
1279
1441
5696
4152
949
10021
263
1578
3140
12578
23
2744
7304
1364
5892
1312
2405
238
6177
1076
3082
8109
195
1915
2739
1031
8271
7668
1021
2202
2453
59
1330
1688
4509
611
2329
3201
3287
2797
3705
2603
3216
1269
101
910
6096
2006
4143
5968
2455
1657
1874
685
6577
87
7695
3493
456
3411
3143
4630
1348
394
4226
6566
3330
3699
579
2819
4111
609
2179
414
3081
1482
14784
6759
4185
2712
2322
13380
40
4687
9338
1815
5884
8421
811
2719
2044
7334
4710
1057
903
4810
149
1163
2252
264
5510
697
6355
11543
3441
4095
1924
261
4689
787
2595
1158
12265
309
1686
4777
2395
381
378
2647
62
7175
3483
1078
845
1541
1831
716
1598
1903
8042
4904
6377
1694
2092
6500
4985
8385
22
6332
3349
11077
9994
1599
1686
52
690
236
703
13388
262
975
1001
1114
3474
1153
388
413
5356
2934
241
3669
952
1230
165
6113
3194
4024
790
429
3836
2701
1349
3889
3121
3015
1577
6982
559
4487
14667
5687
2387
3833
688
35
493
7273
2279
662
1328
506
10523
135
1274
2273
8927
2508
2420
6165
9547
4176
248
3942
7916
5462
2918
2175
2327
2060
1605
322
10560
2617
6494
444
1323
3293
1427
2765
4029
891
1100
748
311
3425
5931
15074
1418
837
1549
10544
5
3438
2127
12511
3189
580
385
342
1128
1747
567
3409
7650
160
1829
3846
1257
459
13257
6956
1532
1404
15604
3994
2852
186
639
1015
281
1324
2592
2985
2678
3192
209
954
2098
2935
1
2730
81
10910
6605
6143
13522
1199
1484
6862
500
1666
2407
11055
1934
1831
10300
2072
2494
2954
1583
3439
5031
2377
1019
2305
5652
300
3513
36
6660
1363
2758
123
3558
1800
1379
4612
12716
7750
1566
14787
4169
2246
2495
4818
1289
1542
750
568
2307
3734
545
1008
9736
1564
1042
5811
185
5671
636
3154
1479
3454
540
2943
1888
5012
435
220
3778
74
3092
4212
2392
1241
3196
1169
3478
5931
2609
637
6038
5689
2488
3775
164
1640
2343
295
145
9740
6476
1471
1701
133
1624
1126
2538
4270
887
880
1797
303
5575
1799
479
11253
2158
6243
1043
1025
229
6207
16055
139
947
11363
897
2709
3410
5852
5958
1436
628
1265
17362
2199
12950
8876
3253
7434
274
436
11163
683
2129
158
5661
2656
4906
957
2953
8845
3879
5810
102
2797
9998
446
9683
3174
4859
521
3925
7713
3793
9237
2391
869
5999
8625
3361
197
3280
359
493
302
1239
1438
5432
2154
813
92
7322
141
5598
1874
4531
1040
3343
3215
200
193
8169
2244
5195
2646
1189
4210
4817
2857
282
5562
3905
4420
41
322
263
1659
7663
13907
15
7780
507
1263
742
1111
3441
1395
4586
821
1822
1896
4109
448
3022
1660
7038
2283
4981
4739
3142
2754
571
3038
1822
8063
185
1829
1431
2008
1280
2214
2486
949
7302
914
11816
9
3372
3369
958
3525
3688
3246
4751
693
1623
4600
2265
5590
20143
5774
2431
270
2354
749
405
3450
1965
108
622
338
7402
9488
3248
8039
6005
1471
3238
2084
8029
992
1498
137
2437
3703
3333
1992
2131
11327
1675
1086
3700
132
437
2581
207
2488
2311
3920
2855
558
20304
366
1262
360
3821
252
1600
6452
1004
7033
4230
3395
81
1944
5348
87
1334
6898
2364
1089
256
406
4461
3457
1610
10494
1054
613
922
976
424
2375
863
5068
2037
1212
8554
286
3470
1560
311
8519
142
3512
111
553
4156
2265
7671
4453
2438
6977
4405
2453
384
354
5104
3622
169
3728
1820
8458
7443
5658
1451
5428
5633
855
315
4070
1144
1804
1997
4831
465
996
6629
5940
2432
2250
370
579
76
11397
1802
213
5221
6655
1703
2613
1028
377
3458
1218
2731
4688
1952
2365
6215
53
5772
4169
8747
4633
3327
3455
1328
721
10477
1210
967
720
3016
487
139
713
11636
4229
1495
4313
1121
2644
6599
382
1405
125
801
10935
376
6066
3260
201
2625
3530
4154
5314
263
36
617
281
6028
3003
325
4116
7336
13187
1823
409
5360
1450
18912
1037
778
3661
2010
3245
1182
2363
4624
6289
1481
1758
2080
1867
2927
531
697
3037
4287
1153
5348
398
762
1570
5927
2377
2908
1418
15038
653
4089
660
96
2148
381
1723
1641
2337
409
480
4181
551
832
4187
458
481
3297
17959
3657
3425
1707
5599
2844
2705
4166
1018
235
19213
133
2539
9362
1199
360
3342
5134
124
2688
373
11965
99
1206
988
1682
3015
2040
5586
10612
4835
781
2102
280
2959
1823
5864
355
1179
422
1700
3547
2934
2901
6691
2795
2710
579
4639
166
958
4291
10595
2365
6161
5033
5698
7062
1599
1044
3158
2966
6168
3649
7791
459
5723
736
2777
669
500
630
4075
1466
5589
2527
929
1363
1142
1085
4339
2228
3196
2
464
4039
3273
9144
3898
5570
578
938
17
1562
1527
5328
2149
5215
1581
488
707
42
797
3779
2547
6469
3665
7700
838
647
870
925
6350
2176
1818
1833
4483
3357
6629
607
19695
1011
6122
1813
346
6653
8015
6317
4329
2587
798
4883
618
3020
2620
6388
3638
4361
2294
7344
1098
1023
4880
495
2831
369
273
9990
1531
410
7180
3535
1811
16754
736
2122
2159
3924
244
3336
4052
2568
6414
261
9027
683
2625
2415
4301
5098
1775
432
2892
2596
7199
5998
16609
6171
7478
744
2588
8738
134
7651
4073
17753
282
1612
5749
10240
108
3798
2090
6331
4606
4063
1444
26
2547
828
7363
845
228
543
1779
500
2801
128
5788
6876
3420
1601
1004
1540
4439
492
63
14075
1797
3171
3415
1951
4977
477
1573
1959
8665
1748
508
2605
6628
1372
1895
2886
90
2511
754
5301
2264
4303
1149
3070
1369
1842
362
3564
2536
1715
560
974
4569
139
1059
3788
2123
588
255
538
4531
2583
9447
2992
1285
506
6334
1634
1547
2760
2299
2117
383
11643
2173
2866
2568
6541
6685
1075
525
256
6142
842
1183
105
178
922
1295
54
2506
8331
708
3314
5317
364
6413
5672
572
10271
1350
842
2664
2800
1157
602
1043
3801
1140
1614
10516
3151
1054
3510
2901
1449
411
371
2254
4742
2431
11101
1377
2432
3778
5692
807
980
5437
9540
2059
3986
2927
8838
2452
5267
3351
6017
1406
553
167
2125
1027
197
3206
3412
528
8398
107
11437
2083
5678
6689
4249
2082
7085
2919
5694
862
744
219
39
5634
3088
615
7575
3906
1549
1698
5637
391
880
2491
6232
1312
2170
4261
413
7220
1889
4021
343
4494
4623
2842
12576
3679
1802
1437
8072
3468
429
180
526
4858
2445
2132
1207
2203
7342
3481
4220
1884
1366
1956
13224
1302
420
255
1773
422
5817
5144
777
920
11300
12281
5844
5837
1927
5715
1854
773
2185
191
1015
460
1563
346
73
1682
3030
5808
24
120
931
2163
2439
699
5899
4506
4872
1156
4138
5245
2329
2568
517
3677
4613
4027
2649
1771
4472
3386
2761
135
49
3297
3401
9961
2738
1575
3514
941
1430
2120
5824
259
1660
547
590
351
1022
9260
407
5748
467
514
4116
17372
3733
2753
4461
885
3324
167
9302
2619
2007
7276
4521
3735
2130
2827
1069
1915
240
992
1260
1512
801
4540
10225
3152
1655
2356
3150
6011
735
1053
7284
11533
1941
6
4687
1971
119
526
10183
106
3787
1836
5387
522
1266
5645
1891
5070
2673
2435
6018
1243
2586
2046
2895
998
5452
3332
3879
3087
1966
1655
1787
4264
5076
3112
3739
10427
1098
4847
5527
486
173
1099
10382
5001
845
10053
7978
16172
2483
528
2320
7448
4795
5193
1755
7269
3846
2772
3104
583
110
8090
6163
6118
2928
5479
3546
2947
1224
6367
2946
3111
1608
8105
4093
1619
2511
5899
7986
2817
161
2732
2798
2495
12339
76
11922
1698
5010
2091
306
1722
661
618
8175
2317
1845
6887
445
7492
1981
3050
9675
2
2797
6372
4947
10518
367
6072
6347
2100
2694
9716
2002
151
10
2953
5750
13700
4612
1285
414
47
700
2889
7144
3331
8602
2181
14386
4792
3051
1037
9031
2507
523
2998
502
3494
1274
464
624
272
136
2060
471
1091
6251
852
85
5298
1481
2392
2834
347
6089
1946
210
550
4505
1776
2143
19556
214
832
5377
5635
4870
411
3629
3491
4893
3795
6779
2706
3907
1466
22
1989
9318
3161
2239
5922
3672
401
7879
163
7379
374
1358
13709
626
171
12463
1224
9483
3899
6913
724
8032
4237
2881
3200
4534
445
7621
3604
1236
5463
870
977
6060
3659
453
7408
3584
879
2838
1984
10451
3344
3187
4824
2314
7186
2640
3564
3266
7998
38
3333
6049
3875
1216
3325
2993
2162
601
232
759
602
365
1285
1219
13849
4776
1296
6522
2758
5511
2087
4888
4237
39713
3999
1890
3508
3347
1884
3635
2361
3120
5224
2400
2287
349
9352
516
391
5473
2624
2771
2750
2130
1757
1640
2628
4552
20403
1458
677
737
1227
3191
8857
3597
873
4118
2763
1035
13750
2296
2664
2205
3154
2137
2381
3031
2064
1264
1939
9238
3678
6966
6300
5675
231
31
1388
1527
488
3930
2798
310
5731
4249
8726
1937
1635
824
6280
2098
3733
6349
8235
1496
298
3392
4399
2299
5058
4323
588
1142
2009
2005
244
9126
572
8160
11625
3779
627
2268
7235
1067
5366
2724
4047
6958
1174
985
4439
228
1844
6963
2022
11029
2186
84
1392
584
895
5521
211
8
3426
2258
3663
3824
3347
27
6433
2041
1075
8890
215
5794
4326
757
1369
1883
4368
4394
2186
2730
1309
261
6097
7203
209
2585
1258
274
9899
11595
6719
2867
526
10818
5660
1390
775
7348
9560
1777
5523
12934
918
53
11241
3489
783
1278
398
2911
4525
6948
1346
1016
5330
1094
251
4194
1830
1043
2470
1079
689
12003
3130
1842
6379
1202
4339
6276
574
1324
6270
12252
1331
874
2968
3124
2288
8111
7663
7636
13203
639
339
10873
3987
431
4302
2835
2249
2184
1402
386
2571
1013
2450
194
1912
455
4851
3899
3283
2782
3481
10694
10403
3529
411
12166
5993
4701
9489
1073
922
1107
26668
1703
2356
1829
2152
8885
9367
2788
212
4155
2026
1814
4759
28
5328
6727
7039
3226
472
2112
3443
5181
1353
3026
9231
326
8622
5628
466
8080
7821
3585
504
7912
1454
1887
290
108
2181
258
1644
4230
1518
1590
4649
612
2092
696
267
4042
635
208
2447
555
7030
6771
2626
9077
1011
901
6489
2923
3451
3927
1097
3284
8597
3165
12273
2507
2135
1626
13515
2530
2323
6731
1413
272
965
1056
8420
778
4790
2276
403
6591
941
354
432
825
3073
586
2016
210
5109
956
986
394
2681
4413
1557
5618
763
235
4093
3972
572
1853
1779
3016
5841
954
8202
6743
1848
16
6759
89
1555
7366
1403
1396
2692
1355
3447
14116
3717
1929
9810
7184
8874
976
4171
1065
4361
2526
2679
1793
2329
2708
7097
291
10522
1317
2260
9176
693
2705
4173
807
1853
2084
386
779
6401
5821
170
13396
1089
1241
8923
7223
4027
5613
4610
1554
12910
5275
25
3776
568
3919
3105
5231
754
1736
4545
6222
5770
1268
6161
4248
474
3285
2611
14719
182
7123
3016
231
3731
814
9888
1609
1203
1054
2090
711
1584
4230
10641
1503
14065
2003
4736
762
4343
4709
48
6173
12035
7749
5865
854
1018
2911
2509
6521
2134
6926
4862
7961
2166
4446
5903
812
5386
1272
1379
3758
15996
907
9962
1678
5975
4234
2337
6876
1230
4787
5256
4910
1326
276
1509
2073
4635
1575
1038
1091
1758
2772
8188
1212
2267
4919
1466
352
664
5587
1911
10154
4500
877
1877
5969
2705
3543
3565
3644
2833
1394
732
2693
609
3305
2726
12944
182
3355
3335
1755
10220
3038
1482
2470
10015
947
330
3293
1697
520
473
2443
4487
62
2600
196
1439
1948
7240
3298
1948
2109
2442
10016
429
165
2845
541
1477
5118
10695
4948
2653
513
318
1968
2007
1199
151
1658
7061
610
3302
2649
2419
3222
1846
5856
2960
1689
1736
3612
8431
2148
1217
4051
2056
3252
2014
9958
3196
2378
3284
322
269
5139
1865
3287
1454
3651
4224
2101
546
1459
577
4067
3667
3682
4435
1929
783
6355
632
2536
733
1973
2865
1787
601
3255
2748
2192
1588
1061
116
598
3219
1239
706
1050
4455
3037
4372
4028
10440
13876
6209
5486
2995
589
3702
72
550
1553
6034
6052
8065
3658
40
3031
11447
5531
465
1370
3695
39
2523
3981
4631
757
5040
3156
3463
1759
8029
1215
11146
3327
558
2329
1976
3054
7833
2639
267
3772
141
7059
7099
1337
659
9991
2168
4440
2275
3350
9573
1581
2057
637
1482
645
4057
2161
4475
7699
3562
1837
230
1189
7048
4007
4120
8771
536
4187
6048
719
5420
5235
770
255
851
3277
1199
4572
967
3730
514
1202
1692
8633
4354
3121
6664
1406
786
20885
1197
1773
114
2512
1491
2538
2565
3286
1408
9023
13089
293
473
265
49
840
1655
6763
9057
3068
2120
7301
173
4264
139
12539
1408
322
1060
1575
757
1990
6636
539
3999
281
2857
1350
2371
1954
7286
1858
3039
659
860
11607
4930
2147
7993
1543
134
2823
1448
5094
9967
2650
5387
6787
2261
7621
1604
29
1816
5287
784
1492
2149
4994
4789
9669
1012
342
1558
3039
194
484
4960
1954
2675
5101
275
10232
2359
4732
3114
1041
5122
13049
8530
4764
1314
6706
1592
1783
8784
310
2351
2588
8049
11481
6611
1719
753
3166
5043
3733
1718
1725
1973
3712
13222
2281
6944
2994
9655
3022
1708
11986
126
813
172
108
7648
705
2732
1455
1145
1822
2385
753
8690
5239
26
2876
14222
1098
2963
2008
6920
3395
3610
32
5770
4127
9335
13305
684
4382
1635
1180
774
238
3847
9710
8039
2678
19261
4174
13378
1271
2244
2006
298
14722
74
6494
216
18
2895
8658
1644
6552
44
6960
2605
2437
672
2178
3289
2675
11011
2153
2054
553
3638
6636
802
4080
11550
1031
905
1921
376
6970
3520
1760
1322
4786
6229
1996
190
424
4212
6433
3894
9533
593
624
263
7305
777
1287
2504
3746
747
6325
312
4057
1811
4355
3512
4632
9008
2117
5735
4371
5818
2853
1482
2158
783
7275
10948
1603
1730
1424
2910
2730
591
8993
991
10139
5142
159
5357
968
1220
15365
3096
1114
1781
372
1096
1772
1318
134
11934
2411
1168
10516
8649
2629
1649
204
3219
10999
5007
651
1014
1135
8657
672
7990
249
1664
2930
947
264
5656
1412
1898
2155
2853
3376
10980
1509
3923
2104
9805
1108
128
5094
3835
6311
1381
5107
3092
2383
383
6647
437
3596
2568
1152
862
5871
1049
2437
1220
2772
2177
2265
1841
8227
1446
3953
7841
2700
3353
4081
257
1459
2817
484
2995
579
2112
3467
1065
1293
7701
1012
1920
2511
5725
3595
2056
1324
5944
31
746
5841
952
3223
7437
65
545
1376
501
3420
3274
2844
7368
1833
270
522
3992
6510
576
971
12723
2273
900
4739
1727
7243
1688
556
9349
1351
1886
2641
214
6118
3294
10004
6835
1531
2873
3242
849
3380
283
1754
1533
939
2860
1835
3194
9272
412
6392
8075
4859
1566
8491
6885
8746
1916
3101
1858
821
528
10471
382
3646
6383
8861
11329
4392
2167
11390
5073
11463
6064
4848
148
2795
521
3831
230
638
828
9070
2854
1840
4202
4
4715
4055
5484
829
3228
4720
1824
806
11042
8669
7939
877
668
22766
504
5338
1304
1782
5032
5442
4224
3392
2680
4070
6281
13411
1515
965
3461
589
3813
1521
9825
1209
2034
2239
12
5078
1626
1115
2918
1684
937
249
3330
4574
1869
657
7039
2860
790
218
2114
1694
5373
4774
5293
3044
1481
1744
165
795
4443
6944
1752
4058
341
255
1623
422
1727
1017
1658
1868
1005
109
12767
1050
2608
2600
7911
314
6145
6
1499
13190
2632
10410
18934
4311
11004
4440
5951
705
802
2234
577
1008
534
1503
4236
2427
1784
793
141
11189
5072
3775
1267
72
5324
572
8683
3004
876
2484
1541
903
101
3895
1385
843
1276
8352
2882
9471
2114
118
2507
2724
1951
515
3455
6206
7755
2298
8
1489
3966
306
7865
1841
2980
1268
1442
1408
537
4093
1418
4089
4118
3194
1847
5725
1701
9307
4360
1565
1758
6390
3017
901
11609
1229
9457
406
872
2243
2734
1664
880
2616
5875
464
7334
1682
6496
3346
2499
977
8927
3045
1218
3216
483
76
3474
6721
2730
1680
1895
758
2276
2334
2846
3026
2959
364
4576
2112
1587
11192
4843
3293
7254
114
2218
100
559
1006
7212
8102
1922
4417
9865
737
358
2016
1097
2551
512
1790
1257
1545
933
6651
775
2018
1415
6349
1250
9031
849
427
2663
2148
316
3587
1841
7370
6693
2378
373
1079
5082
3320
4673
1823
3442
2287
852
830
2487
937
1577
4180
8299
930
3360
5610
3393
590
1792
11929
8122
127
3366
7723
697
184
1228
908
14977
620
923
5395
5052
2488
2449
990
4898
235
1618
5986
4805
2671
2878
8559
6745
2755
558
992
10238
4326
1223
2403
222
1046
3215
1747
2808
3263
138
4193
7370
2539
3829
442
344
298
620
6569
388
909
2734
3717
8673
1717
3163
2804
3146
771
3935
1002
1609
44
2658
2651
177
62
3515
2597
5323
382
3991
3467
6493
2270
1812
200
994
1772
2875
9203
2229
2828
784
2017
2471
586
3663
28
480
12643
2847
1444
11
205
1115
2333
5781
4882
2561
219
3716
2778
312
13529
4131
1648
4567
7324
2620
959
3400
1551
4847
702
9134
2
6370
151
1548
1709
1803
1477
1861
410
4286
2569
953
171
3839
963
13600
1608
2095
949
4164
11099
1894
1009
9425
2509
1144
124
1664
9266
6972
2868
3655
4072
3655
2607
1911
6731
1006
32
2944
3154
2335
1216
3942
13392
8857
1882
5770
7533
561
8594
1709
5268
5311
1293
6949
11244
2227
2614
204
826
867
4990
1183
2255
758
3148
2445
2286
3975
1110
3403
106
2635
867
7743
1459
297
50
2794
5682
2715
1941
2239
478
543
6831
616
17838
6893
4507
7739
2161
8392
325
1436
636
3658
1817
3182
2957
982
3214
3988
508
2064
455
3680
607
2705
2446
1478
437
3102
1319
337
1003
658
2386
170
2266
2894
175
3769
726
1215
3063
4348
414
24240
4458
7558
581
9210
3751
5612
3075
294
395
6256
4946
1017
789
678
2696
3763
10237
4513
562
5669
2401
328
167
2034
3669
4443
871
1369
1444
3604
6596
5677
1752
2009
347
166
1207
406
3137
47
2234
2844
135
431
4623
357
669
7
379
1354
12012
135
5893
3949
3735
2819
1738
1392
5390
8167
3728
447
3939
2518
4890
320
1284
831
4902
4586
2420
5290
470
5106
1716
2464
1431
2318
975
4203
2229
2007
5081
7110
1029
3199
6735
1416
1382
426
6261
1701
4150
1621
13174
478
6219
3982
47
765
3625
2624
5422
1419
293
3699
5359
319
82
807
4161
978
450
310
3197
2233
982
3316
1765
2130
5703
6419
870
3552
1330
2982
290
4020
46
5290
937
2029
1213
1523
65
1616
71
5323
6039
6139
4716
8815
3350
5736
8924
4642
1933
152
1380
2361
2840
23
5844
2253
794
3537
1967
3714
11589
732
3445
248
753
571
361
632
3010
5465
3542
39
511
1301
7309
1471
5197
97
1015
1570
9033
72
4683
10640
952
7012
77
805
620
1555
2066
4179
2606
3794
1334
7889
612
730
775
1081
4371
5434
4421
5319
7882
900
99
2999
1439
6050
786
4081
2045
436
7404
303
1496
5766
3583
3650
452
927
2671
13179
1187
5646
1691
20
6134
420
649
349
7850
6836
7359
1022
515
3489
3890
1891
2537
8565
8
2145
2665
10394
4360
11461
3903
2299
183
1997
2446
4304
1926
20300
1402
2483
2081
5011
3272
4024
12146
5605
1104
1318
2894
847
2021
5826
6982
821
5139
1044
632
3090
5103
1045
918
398
4390
1220
603
760
592
1170
2506
2872
9001
5916
670
590
194
2195
930
1544
2172
1151
9343
1475
2439
2325
1690
8079
842
2036
92
138
7549
868
2559
2764
632
4813
2168
3118
12807
1295
2639
2214
1473
2375
3471
5383
6655
1031
1833
4591
4918
2210
3509
305
1414
1976
761
3947
1587
1275
613
2926
4628
366
6799
686
2057
790
8006
10461
1241
230
982
4710
1203
195
156
533
44
813
5141
607
10559
610
7812
8091
3180
2057
2314
446
763
6843
744
2073
1237
1488
2477
3090
613
1608
4078
3596
576
1379
1150
4144
306
215
2227
871
4401
8351
196
3447
5244
7765
613
781
210
517
3333
5563
559
2345
274
633
144
395
149
3332
1488
3608
15175
9601
8086
370
10256
2798
936
56
9923
40
328
1414
1167
12894
9005
3581
8589
4968
1241
24447
2576
10419
3452
4053
2392
676
3018
5186
1407
3387
2062
284
290
1285
4659
1337
5042
692
2312
196
652
404
2583
3652
1494
9875
1092
3634
4579
9480
2696
1029
3178
745
4706
1576
6694
7965
789
905
884
3219
1256
1713
1325
1273
1579
974
6849
5565
1050
6329
751
615
3876
1748
7815
680
1070
9062
4699
1697
792
506
4020
408
1774
1622
6164
6597
2320
62
1673
4052
3938
3999
470
9
3314
3049
4902
681
132
2499
3951
1664
139
1247
1371
271
58
2390
789
528
2584
1871
1887
337
3753
737
1086
1662
2001
1613
846
5828
4494
1422
4069
5057
12597
3606
4824
1246
1042
246
895
4284
1946
372
2665
15
7615
11993
2994
11240
826
2864
223
3956
2364
1802
1194
14875
2951
781
4475
1967
7763
7485
1309
3974
3004
785
427
411
1239
1519
3246
6544
372
1632
883
21624
7057
742
1428
6502
650
696
704
20962
8660
1054
280
2548
1352
1631
3647
5291
7306
574
1666
8382
5274
2743
598
449
9290
8820
5186
3835
1102
813
2519
7087
5236
4153
490
3023
8470
6737
2185
8172
600
1455
1588
175
5627
96
114
528
447
8884
5517
1298
2624
1696
316
669
4234
602
688
627
1229
3265
2654
1338
19843
2131
5175
1229
1320
880
4316
5375
134
192
234
3912
7446
1306
2180
2851
10189
4522
3016
840
5360
3030
601
5636
6133
2304
4497
6529
1370
2713
13053
3380
1761
2759
2242
3981
4539
2718
7855
3280
2028
1621
1083
33
415
296
1228
2334
2965
4194
2409
14321
2579
1429
12030
7798
237
130
1792
1810
1536
4669
744
453
5456
4771
2049
724
1413
197
2681
1937
4407
237
66
970
866
3425
1836
2702
307
4733
5652
2400
1842
197
360
699
4525
3709
3432
256
1441
10048
2145
9281
1099
437
64
211
1886
9941
2412
1523
3599
370
2326
2524
8226
2967
690
329
96
10720
1234
1443
2969
2480
7074
935
1519
11098
2296
1121
6590
301
1222
634
3327
1009
2308
1450
4333
1413
6089
1203
1667
3330
541
14759
3381
3429
866
5036
414
4609
7872
1973
3931
1621
708
1775
5296
1632
6006
4562
737
1333
471
4573
1384
71
6772
9150
4281
7154
1012
903
561
5246
1193
8710
593
19
10425
2164
2252
7239
1088
91
230
4005
1042
8759
2033
3322
4114
7288
12038
244
905
10794
2170
5117
446
2954
308
1008
914
634
2020
1839
1221
7991
1203
2957
6664
7846
306
753
9158
4493
2698
2753
2580
301
713
1626
2010
4389
10936
3804
4098
311
4909
9595
5702
3771
6084
4380
1317
222
9741
6806
1501
1029
120
403
3928
1626
720
5592
391
1116
12182
2959
1744
1145
6701
933
2971
10328
177
4390
2428
1749
109
4329
385
566
612
133
1362
49
920
291
3467
10643
832
234
17865
3002
2674
5565
214
1111
430
1360
8304
3226
3768
9207
1100
5009
3542
7810
6579
29
2352
975
6503
915
1245
3903
88
2367
8425
71
1379
3695
3429
3925
2855
5148
237
2611
2272
5669
724
2982
1937
7200
1029
3145
367
232
6114
934
8224
1238
673
2819
1570
1035
78
7962
15643
7555
5807
1991
2859
1332
6745
1036
2083
6374
2321
2714
1551
2863
307
255
153
2226
861
3033
3722
1200
2351
481
6656
2924
1432
1507
35
378
10036
19056
14124
673
1449
4537
6060
5953
77
5688
3169
1785
3107
2253
1119
64
6369
2111
9683
592
749
216
4011
1171
7692
72
6557
181
1026
419
2708
3164
810
8387
2416
6455
4404
1193
4062
1993
910
1684
7960
3358
111
419
10205
9300
9644
735
10796
10672
1324
716
3121
2464
258
2621
1091
2125
9607
6113
2566
2979
13811
261
3715
730
338
5921
12271
2171
2662
7073
325
6384
1346
1421
10
1698
4923
5243
2981
15951
1944
3675
5523
2180
2
3269
552
3082
2573
6670
2150
884
2621
4745
2650
1957
8050
368
383
5123
3186
3802
4791
3498
191
544
2209
3987
2662
790
3023
739
3562
8741
4647
2750
4384
5971
4699
3775
4427
3865
1006
693
5945
1554
4604
3331
15397
290
8054
3317
746
6905
5332
8583
18273
625
2848
5737
11323
3104
4273
6354
1319
683
4565
207
4120
7965
4344
5074
1102
5524
6126
2220
1505
3455
483
6288
790
2192
564
6548
3164
1006
1907
395
3116
2278
3162
5697
3471
3220
9694
3173
4891
2584
76
3765
7607
2621
4111
1384
9000
1649
340
3462
9538
6730
1301
10012
454
2378
3630
995
912
2945
3418
925
6284
330
925
5307
247
1286
3431
7608
776
278
3052
1766
2880
6190
931
3073
3554
4124
5215
10837
1464
5898
4121
2031
4727
2758
1361
156
2061
746
712
309
4386
3772
1672
7112
3256
3
5342
7798
739
119
661
1389
822
9058
8565
4725
4535
1257
1891
1975
2648
6261
1098
2700
6027
6475
6626
5824
4200
178
558
492
1447
4121
2317
2436
6228
7863
2178
695
1378
3136
200
2857
709
2338
350
99
4915
6150
5360
3265
141
1015
3382
1717
5814
2196
5271
1607
1797
6645
1992
5499
1680
5200
1151
3441
603
18
1978
341
4358
3409
708
2142
7690
2350
887
5523
466
6197
489
2777
4437
1739
1310
7629
18719
5699
1106
733
440
4908
8156
5652
3115
8464
9747
48
10335
17085
1628
1936
1481
1589
1363
213
6801
479
11767
10881
6950
19515
594
1710
2133
3091
5024
7931
563
3176
303
527
4303
16
103
879
2766
583
392
4751
1182
7700
4613
2986
10554
3511
2529
8468
3692
1457
12733
994
1590
7836
2983
244
3771
7414
5427
4887
109
1152
4060
762
155
688
5303
5730
4469
1697
6432
2967
14644
2954
1017
256
468
1827
4615
264
3912
1342
6784
5959
4664
278
6896
2636
2876
3388
285
1120
5571
413
6851
8115
2199
3641
2067
365
4172
548
1735
2243
4036
8962
2447
3067
7448
3187
3721
27729
408
1996
1507
282
178
1088
7563
1148
4459
2531
1984
2411
1538
1677
9628
1031
5455
2273
7677
1648
62
1354
2506
11761
4514
12884
1826
488
2992
4761
134
361
36
9258
778
11300
3059
6859
6359
4021
882
5614
7609
3546
11432
2439
949
583
1876
7430
904
9427
2080
840
9447
2308
180
3864
4337
2845
4487
5740
621
972
1404
1056
1584
2110
1233
1698
3036
4446
4117
623
4460
4663
1220
2924
8670
4633
2078
3607
788
1229
403
759
1327
1010
732
2168
4285
1647
1920
3705
883
4892
2816
3544
11190
1375
891
787
11565
23
8251
1284
254
2932
3347
2757
1361
863
2341
1519
7043
3635
6088
1783
393
1017
85
7148
2500
4133
625
2806
873
1165
2196
7144
5111
6173
3629
583
5773
1555
33
1537
2917
4143
3028
12785
6926
25
5731
12208
2997
230
6356
1433
4874
1297
20094
1255
1417
3673
3473
3987
7409
14113
560
4769
8703
2933
1558
9508
4473
46
1241
2250
3303
2318
1727
3941
1692
1028
3231
1949
2428
2118
6529
2312
3798
1468
1055
2432
4314
1130
1252
985
2571
11671
879
158
5936
33
8925
579
5974
2695
4366
1302
164
3858
4335
2294
3101
5554
390
1365
381
1876
220
1516
7500
4125
7502
3359
121
3082
194
9614
4974
2025
1110
1233
696
5217
3036
8972
25
2150
2915
1739
2884
4552
116
5448
1023
1827
1513
3192
3700
6978
2021
2
53
615
202
328
2217
2336
4806
27
12749
5806
5749
3486
1211
3614
302
491
108
2660
3707
13726
1139
86
1704
2229
1571
129
1336
2483
1179
1422
1665
512
185
1472
3367
511
4916
2173
647
22
652
5205
2718
5477
1590
5847
177
8700
12918
6699
2235
1547
1844
250
1367
3982
976
4191
83
1075
978
4546
1721
4187
2709
1496
2358
292
8893
8321
11517
1058
10716
7179
4576
3090
8608
1754
12811
562
7716
7307
1133
2561
9735
6402
1890
4106
888
5860
2828
991
2071
9241
1781
1534
486
232
79
1795
2489
2046
1622
187
336
221
1356
898
2884
9520
52
2301
8741
4580
1847
3487
4117
4570
7920
763
4799
4895
983
1197
4035
5423
2524
6230
23918
2383
1836
193
1802
1366
5908
4876
898
647
474
1340
5467
5054
1486
1477
1070
517
1584
976
2231
19497
173
3982
27
2202
1046
306
262
7057
3178
1493
8419
615
1192
5778
3556
917
3085
4561
8882
670
3925
1118
1655
2291
3554
6695
7396
2504
2280
786
1720
1751
2311
4049
3222
7153
1572
917
6757
725
1744
10003
5404
3308
1636
2832
6111
605
500
9514
641
1701
5871
2403
897
487
1317
2281
2692
1893
4355
7623
4005
2028
2927
1135
2928
1765
5595
1103
1268
841
3016
8347
2829
4344
1596
2175
4800
2706
323
692
14591
3177
1088
1410
1435
6330
4488
1977
3921
1813
4660
1343
370
2166
5885
8687
2548
6900
802
850
8216
6228
1164
454
662
502
3298
3956
2445
2234
1749
6422
3262
1992
3379
1697
2644
6181
1448
6666
1505
8042
5769
3247
1830
3472
2299
7908
1827
2444
1336
6338
1594
2053
410
2073
754
1570
9675
479
17466
6082
5348
3911
270
2268
674
1562
3498
513
83
1178
2507
562
1518
4508
944
5
2100
1004
1671
1838
7768
1141
2987
7442
694
2420
3490
4581
1798
4214
1573
376
4151
7227
1884
2432
5878
770
10246
2804
3342
3932
5086
970
1254
2413
1878
1993
5548
6039
455
6503
5848
8339
1240
7436
466
673
1274
2833
7781
1652
830
2260
320
1406
1766
2065
3056
8742
2096
985
319
233
1240
4347
2825
685
1676
2782
5505
225
2870
3620
890
5962
1308
530
8985
2435
712
1693
13753
2049
7422
329
3571
2282
858
7653
311
1073
1796
294
4862
2195
3967
2894
7527
6220
5095
2059
7021
1512
3921
1114
979
292
3169
616
5661
1495
6497
485
1205
3319
3161
2780
2604
1452
5688
4719
1536
1061
8850
4242
8201
8364
4653
7898
575
971
266
2008
3173
4588
238
318
2381
4582
2985
2322
1578
3538
453
1184
372
264
633
749
551
1800
1644
3272
1568
2067
262
2087
6681
1043
111
1212
116
4848
947
3476
1673
799
321
10271
2048
1047
5466
1474
202
2613
3252
4252
4716
4338
1655
4197
2352
1898
2853
463
1748
5620
7179
1388
2392
3602
15473
1844
1917
536
331
9584
3630
10320
1008
2425
2395
995
671
5796
605
4120
4678
1757
1820
226
1048
3457
3190
4891
1669
1809
5528
1057
9097
12263
2170
5212
8877
741
375
5712
3971
3294
3271
45
2681
2651
14537
5815
148
4966
1523
5023
2430
1682
5937
8616
3910
8100
4214
5688
2687
3994
1470
4605
2746
2609
2341
390
3182
448
5571
3672
11804
1673
11086
3086
2476
9749
530
3706
2900
2228
135
274
3597
6345
536
834
3554
1829
1871
9936
315
2240
4055
359
4589
2581
16539
6
4918
10156
2674
9861
2658
1676
5018
260
1695
3033
5861
11668
3105
5512
2830
7022
747
2459
1953
7083
11058
5011
441
61
459
3934
5031
2551
7538
4058
337
1437
1553
2045
8613
5392
4271
2516
11650
2726
372
4992
524
464
975
825
1020
1561
6019
1706
18691
123
6032
5495
7726
1149
12841
2284
2269
1623
808
5139
424
3797
7734
1708
5692
12161
1086
1148
16476
5920
2748
1657
55
1517
746
1868
503
3798
5998
5477
4208
7086
375
3772
4969
13173
3084
541
350
10945
2727
2623
210
462
4095
4131
778
9954
3004
6463
946
3035
1612
1947
8607
9950
3642
1870
1100
194
1516
1074
455
615
7019
4060
8699
4088
966
2942
2560
14309
5745
81
407
2691
3662
2133
1679
3177
62
1964
74
5734
630
9003
120
863
696
97
321
4374
1202
6224
171
3200
12842
2246
4564
3642
4392
6841
790
1200
2869
4663
1523
3651
2940
5084
1843
2350
2241
5168
6988
1118
1828
2945
10668
7937
2870
107
906
894
8077
2958
4633
2096
1454
8966
665
2730
9723
3530
3479
2437
13079
1714
5986
188
4809
198
668
6463
2254
7861
373
15013
3002
2779
2163
6081
3399
1990
5929
2594
3270
5298
3135
2963
3690
1188
7642
3966
2631
6456
2030
1416
2924
4554
3679
9167
525
696
147
17
2099
4082
2245
5840
6496
2499
2060
6144
174
1260
4646
882
988
3457
611
4120
2501
163
5812
6691
3958
1317
160
981
570
3539
2191
10756
2042
581
6970
789
954
4169
2381
244
3890
2439
4352
696
2711
1109
8239
5353
3183
6864
882
5141
806
872
1657
2891
2235
209
7885
780
675
534
2957
2709
311
2222
2516
1403
1271
4391
18
5694
1771
3086
10746
498
32
683
6450
1612
2733
12971
583
1045
450
4447
2130
680
1315
642
5269
7271
74
17637
11832
3489
1462
2759
1758
6236
2861
13429
2440
2662
6802
625
652
417
354
7265
781
6004
1070
7297
10333
3347
5816
1098
8429
4062
1135
1172
1296
3938
212
1112
3939
1429
1210
1858
728
935
5632
2015
4804
1560
1930
6419
5690
393
1886
588
442
1994
777
6567
1610
505
2851
3050
10918
4751
2874
50
5204
841
3325
3919
3773
87
4976
197
2847
994
4086
3748
1506
33
402
887
574
1562
574
702
740
905
400
3010
2983
1103
119
1669
2580
7499
1033
3992
6140
3301
4296
337
4832
2601
3401
3495
271
9902
2181
5570
3923
8340
1547
783
15631
1461
545
5
46
9152
5195
5
935
3065
3978
1577
4252
1149
4337
134
1663
2866
12466
5739
192
1334
6316
3819
1499
9150
1055
121
4448
1187
744
2716
2623
1835
1387
626
6712
1160
3266
8316
2157
6919
3257
8108
1212
444
6426
16154
5529
62
628
8899
4410
3561
529
665
2635
1364
5837
208
4914
3744
817
6757
10814
6307
679
2329
3395
7023
424
5034
1777
1929
1413
3731
1087
4755
4196
1899
753
8263
5956
12877
1524
2818
19302
2908
698
3190
1333
423
1741
8684
319
447
365
8674
4358
1363
1434
1024
4089
4396
8062
1242
122
8725
1033
1716
9720
4634
2117
1778
4386
1066
1422
1464
1155
1687
1415
6526
10768
2384
2442
6240
3429
4436
6773
3127
