23
75
8023
896
4811
2166
1585
2820
16161
1134
6253
7308
4093
13319
3716
4029
3003
1875
340
12044
13688
519
4802
369
3106
408
2859
4576
4703
5972
1311
3519
13536
12770
932
1163
4500
7357
3331
994
2234
7970
9053
2978
1423
4558
514
895
10604
7598
2154
2191
354
725
166
6540
1245
974
184
2364
1047
5749
889
4904
379
2231
806
8094
2862
10165
3691
1530
14765
879
4290
4075
1719
4097
5095
37
4084
437
3713
51
3147
2287
17287
2655
5796
8342
960
2881
11787
2101
25146
4383
5198
1412
17385
6872
1440
13988
3440
5191
8091
3437
10162
2742
5048
2667
8378
1549
1044
117
148
1955
7156
3991
425
10528
1106
6774
6539
13931
1233
13210
351
465
238
341
686
17275
3015
5051
1721
3303
5698
2402
2439
10725
2844
375
4985
2429
5758
2386
103
6048
5227
10116
12848
11610
6693
4497
3034
9363
126
446
4288
6151
4912
20864
1987
7162
1771
11837
9373
12
5935
17690
7676
5927
2902
1518
3541
5863
2574
10508
6113
1953
496
940
9493
2094
1915
9338
8140
3028
995
518
2432
8613
9088
641
2092
835
1929
2590
10956
5479
215
3818
3427
3108
3732
2430
3440
439
948
4942
4482
7274
4874
2312
2931
9541
10484
5840
5
1507
3883
4895
5353
6788
12326
1016
5001
8681
8157
620
371
3335
433
363
4900
1954
4669
10122
6311
716
8808
4799
3269
360
60
4196
3330
2572
6647
9992
350
4402
6276
1121
2820
16051
5861
1713
1342
3677
3929
1548
2704
23311
5324
6768
3848
2366
8308
834
973
6367
5430
11606
890
346
415
270
6633
1410
1711
2572
6425
8820
4328
4009
9050
1646
1424
4299
12813
2194
1563
4492
8343
2637
7076
1358
903
897
2530
1262
10413
5012
9014
1455
1157
5832
176
9704
6279
2703
3160
5982
18968
2494
63
7983
4742
1200
5166
1255
3387
604
4527
3855
3392
4725
1077
6068
12482
1958
522
7585
3657
411
492
8744
1628
5239
1859
8545
683
1380
4182
7263
110
9658
2693
10460
2998
2021
3768
563
483
2196
746
6858
1391
2431
3356
4715
6087
6955
2134
14303
1452
1194
759
669
1576
86
1589
3266
982
2781
5709
10033
2549
3522
2514
673
3721
2036
6650
3993
10806
24
4688
1078
7210
6315
17211
887
531
28
3905
1127
3320
3549
1341
624
852
3160
4184
186
144
14969
1373
4033
1728
19
6109
7183
6012
9551
4639
2341
3267
3272
13536
6423
266
620
3933
1820
5235
1173
1159
4488
33
6046
672
6574
5768
5373
3078
17791
10494
2957
14014
622
563
1780
4777
634
2537
996
3251
8373
1133
6079
3331
437
1494
817
5748
1768
1387
2052
6785
1721
5851
2610
4092
797
4833
138
15103
584
3545
2982
2304
5638
953
666
7189
6740
7163
1594
7069
3999
2997
6402
927
1778
10104
927
517
1005
483
7782
3751
10599
6094
3968
4163
4750
4691
9834
2696
10206
2504
6684
1890
443
1192
13882
11023
864
7958
3500
2363
5579
5691
7293
5580
10124
3795
513
266
9940
5178
1825
6634
13456
487
841
3130
3120
7344
1109
4303
8945
25683
3031
9886
4155
338
4453
1476
11457
2251
1806
4582
918
2581
8691
4486
8059
3819
1290
7561
5773
3746
357
1952
7117
2539
432
1876
8037
8007
2649
32
4824
8767
2519
5085
2613
2916
2078
9443
5855
13992
3651
1152
2899
1297
7575
310
5326
132
1173
6128
9428
2708
10868
2493
5989
2961
6973
2257
5771
1025
5502
1288
4114
140
2181
1184
706
3190
5109
110
6350
4913
2134
20843
6904
1727
6600
8528
5147
6248
5410
3457
5630
7870
336
944
1851
123
4061
1818
1742
5343
7096
22
3222
1870
1548
2069
5168
9155
1515
1595
1165
8394
1342
6655
1937
11270
9242
3644
8724
1204
5422
543
1944
13871
2590
1556
242
2193
4120
14271
106
2320
4165
7984
440
3007
182
533
8724
7648
8294
1934
3394
2906
2192
4068
8479
15389
4101
559
4093
6998
3740
3210
2400
18465
3185
2967
5100
3742
11810
2371
6883
8450
5218
2676
5625
1959
3276
3244
6091
1188
6325
3033
635
766
3722
6663
16329
10624
3171
1729
3421
4997
6110
6212
559
2027
8158
1873
21370
912
5002
10503
609
3284
3401
11589
7102
17386
2319
6630
634
4950
1021
2342
1465
5446
4625
8727
1511
41
7572
3909
241
1843
7431
5120
5440
2715
541
2164
6236
2610
8792
1498
5127
537
1804
3085
7293
21372
346
728
2039
5642
1517
21
1346
5502
4288
197
4178
9544
700
6115
1973
3057
1752
262
690
1387
3698
95
8030
307
11578
2563
12280
2346
6401
5269
12897
3205
2828
5832
21902
522
2838
6456
1246
103
369
615
267
3742
680
9286
2621
17329
1691
437
1555
3406
148
4149
10680
6913
480
3866
4882
6619
2296
1711
11481
2227
6694
9210
72
6464
6244
489
355
390
1662
4639
8195
3129
9692
5684
11491
1277
6999
3466
783
3078
6106
2718
13755
1151
8384
18355
311
950
4559
8422
6199
11876
9826
6517
55
1351
5140
4826
464
21478
1140
2763
8921
305
1238
11113
2
748
119
10835
1645
4504
9548
3369
5336
8985
1422
1785
1421
4687
6276
15
1689
23611
1775
914
844
496
288
529
2746
1051
216
465
5187
4313
2858
5116
1361
6209
5804
14256
6295
8191
4675
1587
2383
438
1689
2901
2524
1101
7196
1567
1925
1414
171
758
1079
1715
157
856
8845
651
3319
1058
16503
1101
3582
5404
4831
122
6210
9564
4973
576
1915
2082
3258
2837
2590
1786
11205
8564
412
3040
21247
4105
2027
4082
1233
137
3971
1695
8169
3666
2639
14522
858
24891
4272
468
2930
5980
1266
9969
6175
342
3272
5389
10968
2595
947
1827
406
4281
15302
11525
158
930
4511
6535
1526
13234
8377
3773
4720
256
8383
311
1899
6527
3242
11718
1769
333
726
1424
4439
1970
3538
617
2393
1446
17872
724
1898
6580
4502
1306
2986
2256
50
2766
868
8800
519
1924
1902
6191
536
4115
3093
1702
1112
5560
2919
1099
8730
1092
428
5106
4445
845
3053
3030
3589
798
1766
3053
1073
2573
111
9262
1333
1355
16275
3977
1696
1053
2557
2132
5909
2661
454
4192
6159
109
3043
6013
8476
2978
10275
1395
7753
3628
2623
4385
4014
17331
943
2614
2870
1793
5778
1092
8380
8369
5340
12931
4122
264
9174
255
3798
10817
8795
2820
2276
10017
4455
1525
4952
10715
1560
491
245
99
27653
3965
497
4457
21018
7186
10714
1596
5043
7427
3361
398
4380
1768
2779
1515
8191
2539
3608
1280
2554
3330
2158
247
5551
1598
10533
3233
3411
5783
9414
10417
7651
3559
3973
7561
7028
920
8303
1288
579
837
11945
2291
2955
2553
1697
3101
6882
360
695
3070
2038
3298
15489
191
2398
9148
12483
3132
8672
10662
424
4854
2940
246
243
1809
9681
6458
4383
1738
2233
1751
2081
25
3951
5596
11721
2492
1352
2831
6763
5297
3539
375
22098
4145
3162
393
14445
564
9425
2432
4707
407
128
1191
345
14737
3536
3728
16357
3303
2912
5120
90
3547
3868
6414
5328
2223
1149
1036
8701
3838
661
4565
6450
310
1726
766
11293
1801
1394
5070
7654
7170
676
567
3593
1128
3478
1048
1832
1653
2897
4774
3791
1353
871
2126
4893
17488
9804
1756
8456
13664
8732
1675
3821
465
3321
3243
2232
11082
276
1326
310
945
1398
4732
3369
2114
18367
6919
7072
1289
3008
2102
11606
622
2034
116
1355
10127
2009
16476
9734
9128
4108
722
1506
1410
5993
2544
461
5053
4370
540
5326
18021
15474
1795
13383
10509
6681
2806
3460
2876
10580
6779
9198
2731
6199
587
366
158
15099
13016
6961
3894
5435
6416
1469
4956
1912
4813
4524
3277
1409
456
13677
4084
6562
7725
2587
3963
16380
1857
10604
4024
3857
10040
1035
3193
362
2991
1132
7613
812
2762
3449
1694
2531
6142
1970
6702
27637
3447
1786
3996
8771
761
7275
2068
5253
3514
1103
27730
2890
2950
4442
6527
4592
5501
4667
1505
4568
18267
1256
8086
4331
318
5576
1338
34169
3475
340
1320
5053
2591
1852
132
321
1401
1723
4198
1457
1911
281
7446
4503
51
3511
15965
4851
5155
4311
2061
5994
19014
1988
5306
10943
5776
8826
2513
792
19720
5914
2586
8609
2073
4921
103
795
4328
2615
890
10875
657
612
230
791
1254
2090
16673
1841
3153
2969
6513
4566
518
387
4432
1335
1694
1896
2571
2248
912
6592
9384
3524
4224
1214
3034
600
909
1580
385
1807
2163
1745
4922
137
823
5247
1026
8403
3261
13036
2325
14605
13761
2245
14706
311
6083
1496
16313
1513
6120
545
2501
5118
223
4139
4970
2384
435
2779
1605
2479
6347
12745
3500
2777
679
1784
6393
3397
2002
12802
5013
1268
6789
4044
3143
1062
348
219
3
6094
13708
1787
6099
144
6901
1025
911
11582
829
255
8741
8409
457
9207
11549
6287
22688
6361
8931
12332
30711
455
97
1261
3490
4124
2060
2072
10951
3466
4954
1723
4658
38
655
536
12
2681
7988
3665
3842
3108
1693
8420
1099
1174
6081
8608
4119
110
2818
1530
1153
9981
1905
6024
2707
5026
898
3780
2635
5144
1406
1305
17650
3365
3284
484
1687
2459
3610
3691
4111
6465
17952
7386
6686
2948
938
7306
11559
2294
6437
5860
2279
184
582
2318
6495
4330
1794
1632
155
833
3933
2337
764
550
1867
9380
1312
9729
165
6060
984
9937
367
11058
19474
388
4391
361
2235
968
5672
1792
8064
6977
3128
2147
2381
1203
2374
4444
3214
4539
26
5186
2412
2395
2055
3649
7217
595
4286
4885
147
3274
5252
3508
18976
2796
1923
6983
819
2295
4594
5080
1299
8182
9144
3141
480
19
585
1255
1715
2156
1215
4661
1884
4768
3491
3823
8307
1579
1042
1400
8952
9855
23577
545
536
6278
12959
2217
4762
1765
4630
9
254
4017
8103
1188
17260
10814
1309
8625
12122
25033
1862
1595
1790
1548
10088
602
1573
2791
5233
3650
19581
4296
4545
23060
1347
5940
1122
2419
2391
2526
655
1798
7167
791
4369
148
4224
2499
12795
11599
14149
10575
2299
7214
6105
16409
426
1723
2105
2490
9791
6800
463
1577
1304
438
900
11943
6343
3979
9552
630
5929
3334
825
665
12043
1715
10739
1155
1894
3001
4821
2653
2944
4260
7329
1547
7891
6750
948
958
3520
12956
1244
847
14527
621
3953
674
4742
10923
2050
7152
1995
6892
22970
1015
9735
1426
1578
1449
801
9491
13541
4043
140
1011
621
3455
2620
1101
3101
16726
8275
1870
273
7079
4354
2917
5275
2555
11108
10312
11861
6355
2032
2272
1126
728
2483
5756
4953
3801
2527
1865
2484
6182
4291
5974
3075
4011
2860
2535
3088
10397
6528
4408
4485
13504
738
9096
4810
9915
31827
1074
208
12560
10056
9575
2065
3575
2154
1800
2267
604
1182
396
1920
7251
10201
1373
10887
924
613
2119
11426
2350
7595
6721
3054
1307
77
14373
7575
6646
474
2435
1951
19691
5757
5167
7051
1127
311
3191
9838
1064
2448
2238
113
10823
2734
143
4899
1544
3053
7622
282
13282
7829
3285
4023
1236
173
1216
24230
10528
10302
1025
13684
5359
1931
4423
21102
3107
1186
9848
682
3325
4473
4873
194
1350
13
10188
16
991
2289
4515
13507
7351
1587
3596
4786
954
5937
9557
549
2629
6743
3073
4256
4493
795
27871
6456
1930
3609
2611
5344
15648
3386
2561
3044
3781
211
6189
2190
8539
2228
2044
13935
3795
5778
10468
202
457
211
3683
3147
240
19573
716
5896
13107
92
4661
776
15282
2644
1216
2225
1390
7760
471
2467
1959
2068
4845
27054
11239
9134
2138
1323
6013
310
10418
791
3104
1211
386
7768
1372
12558
3132
964
2249
515
2949
742
1176
8319
5608
376
6724
1330
5688
2082
2151
2166
4406
4246
1569
948
2650
1199
18726
3912
162
2392
3467
3255
1766
11639
9639
3263
6301
5861
233
6420
5874
24529
5869
377
5446
1212
2047
1812
1550
4215
7262
5740
2104
14094
1768
3579
910
1714
1374
793
4154
3822
6533
6200
857
12009
2428
6836
5748
4473
1023
225
790
1332
2284
1808
1925
299
5472
2887
1180
4013
601
13364
1782
7255
3971
3879
2222
2702
5003
2373
564
1612
22188
650
4785
3916
1105
4996
3356
3883
1972
2031
1199
10521
6527
6162
857
1249
7576
987
88
1908
1689
38136
4504
13483
10704
794
1659
951
842
17437
3713
5465
5750
969
1122
209
4435
4219
2597
1007
1472
3309
3429
3931
7054
1099
2593
7157
1398
4037
5904
282
8020
7370
657
10337
573
3346
6630
16710
6878
337
526
2880
13237
3641
976
4713
1002
2351
2004
181
1380
15437
12130
1802
6693
12494
1294
1943
11181
2513
1636
4524
1011
161
217
2792
475
5463
627
2989
5845
7843
12346
13301
202
3622
2245
19992
2178
2983
4507
354
5329
6357
200
1899
420
388
3455
6078
1955
6005
12376
913
3153
584
1946
338
8469
67
4990
2734
6681
2733
7716
4176
2562
12922
2321
1890
516
1818
1555
1187
3779
6748
4766
7400
7856
1681
27738
1981
5837
13518
3862
9278
28662
2391
1665
7949
7982
1319
2018
15676
2088
6409
1857
1800
501
1175
12312
326
8661
9232
1881
1119
32455
9419
2348
2819
8089
96
2922
1406
1191
69
1398
5274
598
5633
2906
8379
15762
3066
3252
84
6071
5601
2544
2284
16343
6196
1956
3394
14335
3737
7679
713
13688
164
5273
1119
372
2145
2523
4853
9270
3692
1271
544
4486
3690
2406
2421
7180
5037
1767
7617
2626
4713
10853
3186
4170
8086
2768
1116
305
4436
265
1263
3089
3461
3002
6312
177
10809
1788
909
11606
6348
2870
1692
12171
3974
950
2810
7233
5460
1214
1517
12629
3841
26093
4582
4415
573
3317
13028
2212
15850
2256
916
9564
6334
1405
8709
3436
2360
4433
13627
1015
398
1803
756
126
1600
2714
1279
497
16319
11214
4062
5096
10091
4025
3828
7193
2652
2708
13206
1831
5104
512
407
2364
4369
6480
8133
1201
3598
1333
525
3247
2361
1850
132
4319
2223
4435
2096
2642
177
1491
1076
1273
1900
1519
507
983
11587
7118
2546
12847
1641
4348
2301
1629
6149
3522
2630
888
12046
2183
4665
1500
1508
842
4063
2260
2440
11221
1047
2376
928
5713
10657
832
1624
6805
1443
3941
138
7056
3028
14046
5918
5194
2592
6030
9821
325
1137
7266
2881
1275
612
4947
3144
187
4493
6208
8691
249
2436
572
5845
185
102
1003
17226
4779
5523
458
5258
6263
2201
2738
524
110
5463
87
2225
726
2479
2646
2173
662
8696
355
2313
2266
2295
9989
1744
14629
9071
2835
10273
1955
3498
1109
876
5146
5661
12599
1297
1889
4680
3837
4380
12043
2000
6206
4187
7111
14923
6988
947
2637
10438
697
4426
3807
1917
143
296
2369
3449
11687
8128
7974
1712
5282
4569
5285
5511
4787
246
3871
1955
6830
1123
5095
1619
11668
4769
877
7286
4952
10650
3194
4292
3262
2246
2303
12221
4601
14424
6301
1679
2979
17525
668
14147
532
2062
5374
7099
12026
5209
17
5389
748
1089
7131
16309
1353
12118
5425
4634
5276
2792
4509
3743
4005
2384
3502
8766
1298
2877
4644
790
12718
3441
1505
5546
3371
10388
4329
3250
14875
5165
336
1535
2384
3219
5515
5067
1136
3384
1256
2703
5989
9056
5716
2388
4644
13310
3253
4941
230
25574
3483
795
571
7634
1265
993
90
9596
10848
642
10992
993
3160
1418
1216
9431
872
11785
2133
9229
976
2160
5676
10459
4161
1830
2855
371
291
2789
6697
12133
11395
3557
4772
7104
8461
2001
7443
8798
4132
3348
9407
3224
2977
302
1031
8253
1626
810
7767
11167
10238
2010
344
1875
1233
3646
10655
4563
6689
2176
1170
997
434
14310
10763
6247
747
2531
90
3469
21644
1677
265
6512
1975
371
86
1793
2154
1750
1533
4209
2165
263
9882
296
15936
6883
5035
1889
6542
1088
3044
2848
389
7117
5463
7014
4595
2817
1519
2203
5773
948
3269
14735
24840
2218
3531
2687
409
1333
4787
2957
3688
4101
78
2334
427
2848
11721
5178
1710
1049
2310
7772
13721
4384
2476
7922
3436
5631
541
218
4484
1895
8389
5927
836
5498
4045
6299
2061
1883
5613
5074
1316
366
4400
203
1923
5995
8529
14232
3960
94
2963
4779
421
8639
399
1400
6998
719
2272
9437
12800
7622
11593
2593
2465
2059
4571
3847
965
6126
3309
3626
5143
11915
749
1552
10717
2882
15159
27
2789
3744
145
5549
8282
11044
2485
576
288
9921
8870
8941
2660
814
2276
3299
161
1125
371
6418
9201
7145
1264
915
5126
2213
10435
5426
2698
2919
1483
372
1043
1104
3520
2909
1561
7003
10874
8627
568
1695
6190
3252
2691
1529
1908
260
2340
96
822
9022
467
3435
568
54
26561
215
5054
1752
2154
193
2207
1900
4431
3589
4128
1919
1348
472
405
11675
5488
9675
11
4031
1075
4958
2646
6034
7836
3375
9081
1431
1684
7867
6752
2454
1213
148
3133
332
411
2214
15916
5003
8779
1577
629
2961
9001
13711
4087
6318
989
2907
3990
9420
10238
5415
895
2406
3822
15798
995
5195
184
8406
1309
8585
3262
3955
10162
517
2121
1427
2233
6112
4098
6428
2710
906
689
1395
3697
456
15524
2761
2430
4379
4053
2328
632
835
973
3656
3348
2111
3575
16465
2426
3443
699
2489
280
852
1240
3184
1246
1207
4375
7015
2800
6344
3103
9431
9076
8013
4858
4175
152
4937
8371
1485
2887
6352
1695
12
7583
6706
983
3953
5135
1062
21086
4799
19034
16
2755
1586
2512
1636
3532
3651
7347
5205
1856
14557
4616
243
633
2747
7178
2498
733
898
45
3726
3400
1743
2417
1567
5096
387
1695
2705
115
4214
6091
5633
8315
8448
3950
1489
3270
5991
1970
12410
1484
120
974
6134
307
16774
1812
562
3066
2374
22308
1298
13016
7609
2671
258
1530
2885
2208
3663
17
228
2984
8648
1194
11336
7583
2786
2420
1529
3458
9721
10525
12575
782
9390
7848
8087
803
231
11384
2850
582
5940
3464
6774
6221
1270
2635
5849
1649
7543
7039
3616
4940
1117
3612
7840
2217
2251
5168
3868
1562
355
826
1046
8076
7860
4707
8160
662
837
3570
1087
8247
2510
12048
371
954
4416
43
7677
3752
3298
8165
1648
358
594
3103
1347
697
1370
968
6195
154
11614
9521
3172
3598
2222
1436
6722
6750
1070
2500
23233
7022
2075
2790
5551
3269
419
6379
34
9860
14031
12405
4466
12176
6976
1358
398
5372
2910
4158
5736
807
4229
8904
978
10372
727
225
415
7892
347
7310
5407
268
4129
1743
2776
14333
5539
15
4479
10028
7740
1169
4889
1579
3475
6605
4738
2374
254
1568
22819
4651
30640
5043
5773
221
1892
3871
3128
2748
2258
1864
9452
627
1412
3994
9414
5247
13930
6578
1901
1502
3341
1388
1710
2830
1512
4263
7444
6234
2868
17715
2162
631
1273
2942
1578
2332
1334
505
1460
5769
7230
118
1929
305
5001
1519
954
4592
1784
5010
11299
9963
3089
839
2865
6127
340
4616
2103
5119
8954
9070
8454
6028
8760
10051
4559
3888
3396
2997
1835
99
12453
1867
1169
6588
8907
776
1985
1231
7456
152
8775
5246
2589
6992
2287
13058
9325
1883
1958
1960
4654
2345
6215
3433
7729
5009
423
2592
4174
719
2091
2070
7056
6058
1557
40
1948
3967
1144
250
832
1646
5658
1109
4983
3895
5664
1077
23711
4955
1049
4504
5452
2412
2450
2012
1491
5672
10563
10115
8537
997
4334
1132
527
3648
5090
769
860
3527
1149
4796
4412
62
1852
8532
8822
7707
196
1191
71
4066
2591
6650
5983
5030
2388
785
1123
1284
10487
7820
651
869
11229
3371
2840
3480
2790
8347
1468
5985
1487
11904
3345
2072
14280
11667
872
1074
7372
539
293
1287
3133
3399
4463
394
8694
5307
5446
5592
5279
7847
4547
2861
5352
2664
7239
3757
100
4240
9100
9032
12523
7744
10900
1138
8925
9245
610
5834
4356
8998
1492
9149
909
11947
1279
2172
785
427
2682
6101
6197
2735
1243
2555
1945
5501
526
1525
4599
1227
7756
246
2802
6293
10458
2240
1926
619
15582
4395
727
12466
13884
3867
2475
2302
1164
10510
7009
5300
584
2439
1473
3347
1340
1095
6325
2719
2772
15431
1447
3633
2774
1287
1015
4713
12253
8815
4284
1663
404
2476
741
321
3792
3336
3030
10418
4003
15758
9313
1923
6483
2309
1503
12911
534
2721
2660
1016
205
27
5560
4039
2978
10846
1771
4122
556
5098
6239
214
2245
1840
737
4180
10875
3000
5448
37
680
3215
1255
1859
37942
724
372
10619
342
1218
1738
1639
2305
2514
4133
891
41
7698
1828
7415
2160
4718
4416
7422
3211
5636
1111
1421
2437
6767
4044
4220
1614
33
2198
7790
9160
2504
5754
4925
1573
5698
5015
593
2924
2570
6926
5783
4686
2919
10516
2906
3270
7676
5760
6847
3638
1616
19065
758
2410
433
2655
207
6561
733
1242
1981
8620
6547
19898
3081
3101
786
2890
2205
9030
3220
694
2752
1060
10260
652
8743
2963
12271
271
544
4111
1514
2112
3005
24712
8023
2992
1436
2119
933
870
301
4644
2312
5485
4157
2824
190
671
1031
6060
3238
210
318
610
7647
4852
607
3259
21058
2524
6280
469
8530
403
1058
10665
14933
429
2358
4289
1394
5259
3498
1081
9805
89
9628
777
652
230
11458
3490
643
939
1514
749
2218
7190
4409
627
3737
16150
10664
3886
5143
651
8423
2775
2159
1435
1405
3171
1910
3998
800
3616
2665
266
5733
1464
11435
3974
1661
778
3417
1187
8014
5833
5717
4021
1599
2137
277
4363
6090
7736
2901
527
10104
1065
163
7832
8311
265
1560
638
1031
1418
17491
655
5496
4075
3710
5
1660
4698
10696
11654
11929
709
3017
1162
7339
5162
3470
3598
2925
1636
223
3789
3347
6122
3409
14724
4383
1325
13345
10414
15592
184
13081
1353
1646
2069
2352
3461
552
3269
8843
157
9109
674
606
5189
268
860
1995
346
1041
1746
7179
4316
5161
2197
1759
7965
3502
1105
13123
5429
2810
4026
224
2929
509
1583
271
4211
821
2166
1573
4781
5114
1840
1473
699
15355
20158
20722
8300
5320
4534
954
1716
161
2633
1799
158
3013
8653
6872
2221
802
2564
7399
4588
375
5999
3325
12120
5196
631
6759
5667
3551
1090
137
1534
336
8120
8139
747
1187
1952
6389
1503
2694
3593
2425
1166
1382
874
3830
3407
293
4895
6106
155
2214
20582
5264
742
1132
294
737
491
8917
8059
6063
2065
9785
1222
3991
7180
4268
118
6205
299
1416
2838
14806
329
1631
8463
12916
10627
1285
1520
2764
2131
10793
19839
3260
4213
118
5179
6390
1101
3108
2102
3245
2372
7853
14687
2574
4438
306
1166
2049
8006
5988
4095
3550
5695
17945
19588
34844
1799
640
4559
6961
4412
1284
6167
2316
658
164
950
292
2275
16160
541
2170
2805
5571
5232
5235
3787
22254
2545
651
753
17077
4579
14310
2153
4186
5007
5398
3367
210
22791
6361
10615
876
422
898
2033
6670
513
9320
1928
674
1083
2414
716
7136
5733
10786
5042
3516
6192
491
7582
694
2245
11167
7225
526
15334
3728
8117
3543
3251
1365
8574
1698
2675
7452
2115
3649
1349
237
1090
886
7768
3816
1556
6275
8353
11418
1406
9188
1863
12711
8732
2310
2635
2340
12370
13748
8586
1268
2134
2508
1489
5727
2638
2480
2825
4288
734
7685
2081
146
3446
1404
4279
3811
6014
3134
2708
1980
4524
3565
8183
3001
5088
399
469
1787
1097
11748
8053
888
1725
4596
4036
2665
2530
664
1538
1778
5314
3973
14518
31246
2253
375
6800
9508
237
4715
2159
4760
5024
5053
4447
1620
754
3597
11625
2456
9537
2074
7270
1413
10592
538
2543
7107
1237
4377
2558
3383
1932
9527
7069
2832
5201
144
2298
766
3369
11534
18328
1095
3492
895
874
941
2862
404
1163
468
3079
852
3972
143
109
11292
236
3738
4674
7031
8003
420
4275
693
2530
299
2202
7042
111
6282
3510
1245
6692
1978
2962
1623
8448
131
11427
226
1919
721
1517
8972
10798
1284
5968
2945
68
13673
919
2286
9864
532
1609
2132
627
3339
355
818
7065
7951
263
2293
2131
3224
702
55
165
157
1678
5436
1406
3117
1844
8036
16295
1490
13352
5032
5552
3522
3746
2990
3950
9426
2864
3340
1709
568
4901
2716
6168
7560
798
6680
11193
4468
3612
908
325
2075
499
722
2980
4958
3988
9481
1829
4421
2828
1280
1209
3271
3550
7783
10457
4265
961
2269
421
2031
4031
408
855
605
989
5534
5334
1975
1946
3814
1490
21426
735
1662
2072
4381
91
5056
10132
2220
4901
2741
9217
1568
9876
3352
3874
2911
3938
12129
2197
629
47
4082
5224
1710
2454
1503
529
3207
3373
2137
2391
5754
6413
4240
283
420
4446
4362
4740
562
5356
1632
365
4165
269
3945
1945
5979
5247
2300
11200
3720
9414
13512
849
12364
2958
1933
1887
5827
5561
2271
12090
3869
2954
1789
2021
4037
183
3443
536
6547
6996
1865
5363
1416
471
4262
4361
2733
1563
4353
8591
1999
129
14589
9342
3132
4732
3243
643
10699
2019
6402
6993
51
8284
12425
14202
15468
2826
125
6739
7410
4220
1400
3278
2958
2644
12845
5273
9560
1261
772
1376
515
2032
1386
3906
2268
4718
9581
5519
3141
2706
1708
1339
7587
644
7582
2406
8235
2384
4177
5146
7552
10310
5739
9692
2341
5020
3207
1153
7722
4926
2455
5881
2227
13087
20858
7390
3856
345
4455
1130
1325
11652
15397
1624
1583
11339
5117
4093
2050
3458
1299
2207
4540
899
1192
1750
1243
1343
429
1483
15479
210
510
12633
10150
1787
2812
364
6714
176
595
13550
3842
4471
1379
1790
3349
4497
13016
4653
4531
10426
4912
1729
1451
3228
6027
3980
3645
2033
10866
2724
8421
3033
15928
18659
6282
1083
4464
759
2393
6147
4521
12105
14065
1500
1718
2080
8560
1977
11346
7318
5076
4701
11820
811
10523
10838
2149
3340
5013
1127
217
2393
4880
699
2398
2236
8282
12289
899
940
3215
2028
5893
11625
12424
1007
11397
2385
314
498
772
1217
5901
3530
1392
2807
13391
1187
4305
242
542
8955
8
4783
1431
1095
2492
4847
1324
16761
4129
841
2090
8693
5129
2322
10
1084
1042
56
493
7702
3023
9056
56
3301
4630
3793
1253
2643
6967
877
4037
1434
5533
1412
1053
7125
6333
615
4758
2282
5426
4484
2257
516
19851
134
8417
5613
5800
5902
1403
1596
573
10993
9853
13771
4370
4140
1452
12670
5185
1036
13575
1011
646
5975
5170
4169
4242
621
2980
8926
3149
4482
2111
6729
3273
3743
5029
1528
831
3036
6515
3299
9127
4582
7935
6687
2907
1780
16356
2521
4019
512
2326
179
1391
230
6328
254
4695
11889
169
8794
1424
11056
6275
272
769
9317
3538
7413
2235
3154
10739
4522
719
5131
10002
7906
9287
6779
296
2271
1582
7743
6209
2231
7247
4634
6179
5234
558
12230
6298
2515
858
1135
305
2393
16534
843
1242
8395
3602
7107
4681
9486
3735
5591
3964
7235
2821
5466
2546
1589
243
3498
855
728
1103
829
5159
440
846
2396
3414
3729
774
1086
1106
9969
12373
2554
1109
10096
1050
1632
16946
6346
1472
7126
7228
1656
6906
2832
4374
17214
3159
12586
9642
702
541
3973
1397
2925
11969
1443
3921
1353
617
211
2811
16780
10967
6024
5261
11729
3703
1598
3790
2208
4542
7245
3360
1004
3968
10531
468
1448
1960
363
3617
1030
1057
2112
7000
16738
1646
11028
1054
10285
1815
4352
10587
4060
7545
737
4505
7855
389
2938
766
1876
16268
450
1138
15310
7111
3524
750
900
4105
3152
249
1013
545
419
2943
513
13758
2928
11123
7934
2682
1660
1094
3993
1141
3052
1600
4917
404
5401
8516
3312
312
941
983
1094
4039
3831
378
2341
2186
4327
4120
3998
3367
715
4059
3257
4585
6211
4227
4162
962
10225
567
21
2191
490
993
1623
5469
3259
2647
4410
4416
2040
2219
3433
877
2208
16400
2948
9617
7473
1327
841
856
3985
7357
3457
457
1117
3968
8149
1341
10384
1946
3929
7718
2088
8331
18335
4999
34
2253
3239
9472
1728
2629
227
1061
3958
5238
21097
9029
1958
2457
1760
1081
57
1116
208
3999
4566
1265
4117
11608
4438
792
3674
975
10793
7453
6442
12810
552
1405
25
1139
582
63
4644
1698
450
5128
3539
643
10601
548
11839
955
7924
606
2491
7668
4068
1761
13110
1090
7556
2174
995
1034
1417
2238
1910
4785
2006
3290
3977
1587
26915
1550
3449
4533
332
5157
1356
1535
1365
1167
1378
2433
768
3062
6360
5865
117
1225
15511
1134
5445
6914
4159
1685
8137
2810
1646
6652
8086
2669
9345
9903
9039
1128
4236
1518
2513
3558
831
6364
1335
1396
2090
3698
370
3654
3698
1794
2415
7101
11272
6879
6578
842
7341
13690
1569
12941
1597
4952
1475
1039
290
5955
5287
26
384
4643
5270
6043
2838
7748
2982
3485
2599
378
7563
1454
3701
6544
6112
220
15896
2963
6692
5641
4041
1422
349
2530
4158
2545
5236
1127
378
8037
3
1401
14678
884
823
9059
3667
1568
305
5692
3757
5646
7627
1142
1838
4786
16056
1899
370
5112
5997
2345
8732
48
1783
642
995
1686
4226
2608
1794
7042
9373
674
9647
13386
9379
2631
9042
6928
15101
5683
1938
13709
1141
1671
1400
5145
16
3628
341
2256
2375
436
1878
8107
3318
1930
7417
1056
4713
2821
3532
649
348
3916
1071
9996
4555
5543
916
5156
8864
12322
8362
7812
5212
12716
865
9170
2094
1235
2576
7366
513
2049
4448
3956
18104
2569
1035
6499
7139
1375
2953
4044
7383
14057
1797
8921
601
3428
640
2691
2568
290
20569
2451
18531
112
5067
8762
4803
3936
1856
13284
181
283
213
804
28400
24
4414
5110
3588
945
2246
4481
1671
513
7909
5077
221
7491
1904
971
5380
8758
6893
10059
8204
755
8413
524
3770
1301
1237
10912
5905
2969
346
2582
4522
2976
13
2011
3152
12651
3411
1011
9417
1723
2028
1832
331
3742
3894
3014
1695
2029
4633
827
3748
5058
2090
8963
159
3518
2215
674
644
66
476
4401
320
1740
1955
1668
3873
13456
51
3907
13142
303
2156
17186
5616
751
5549
1746
483
12420
7250
1889
919
5454
10678
5726
875
9521
854
633
5141
1658
2174
6166
8220
2102
1954
3770
2297
2809
1644
4534
9746
247
4623
2357
4366
3539
6397
4216
63
5689
589
4178
6511
3147
16818
9577
4186
1669
4137
3030
1196
993
7238
733
445
7389
775
642
5868
7943
5715
1473
12513
1058
2033
6510
222
307
449
21
3096
923
6458
5124
2059
6448
588
13198
83
229
12135
4308
348
3863
11756
2445
3475
2455
5344
9932
19181
1513
4609
3474
7297
484
3715
2583
4828
238
1099
1117
5253
4057
8886
2172
2588
6357
12908
865
217
1623
261
7580
6957
651
2831
1807
253
1156
6803
5486
6509
2929
4853
7427
9161
2188
1616
4191
3261
3409
11290
2427
2282
1510
3816
900
1156
13020
507
810
9717
2279
8614
389
13470
5274
3758
8812
2993
779
5190
4236
5752
9797
240
2173
7613
1385
735
6735
8681
7995
3484
3802
784
3337
3248
9418
5585
2134
1196
1475
5134
2078
345
1290
804
19522
3169
7079
709
8469
6326
7616
269
2178
420
299
11604
7220
4080
3288
1208
13352
2860
2139
11223
1660
3843
6737
196
2269
3836
8186
3132
7638
3301
2305
5246
7729
925
28
116
4720
5274
15342
1251
14946
6660
26657
4092
3858
9162
1808
2571
6693
2480
204
8450
8218
1455
5655
8317
2878
402
5325
237
1296
4966
2735
926
1365
521
2469
3056
1834
376
9467
3273
2553
8588
2328
1445
7581
2879
3427
2323
21179
1508
1636
2183
2062
759
10771
7879
113
7076
1562
2552
4792
3823
169
193
1601
683
420
17689
3247
7862
6967
1577
2584
3018
4511
8342
4255
9123
579
7328
96
7523
12331
101
645
2489
984
6254
7443
2635
8854
11737
140
11218
2518
3105
1257
7055
1192
5058
13099
8119
908
5461
1423
3009
898
1648
2757
469
3982
658
12247
176
2477
3167
11558
705
5157
2984
4990
679
2250
10387
1214
7934
6779
872
3867
489
347
1791
3000
6966
11111
5571
1472
147
3441
6233
755
539
2097
3636
1225
12062
4242
4178
11872
181
11905
2730
4074
652
2118
1202
2315
13470
8811
11941
3617
3355
1140
1688
2127
707
1572
8097
643
10337
1350
861
1481
1671
1980
4609
9732
8414
582
1525
5523
2715
3420
3842
30903
1251
2141
764
787
1603
1665
5261
3067
3851
5920
4965
499
405
3524
3804
2835
4876
1751
7570
843
2262
6475
1505
2374
4998
2274
9346
2703
3438
6550
2309
766
7462
5768
717
3678
12384
4246
883
2078
2596
92
1144
3986
8485
13471
16778
7692
16480
5791
118
1619
5291
3478
2903
368
5216
3654
1448
10839
11787
534
1825
1438
3870
2302
2044
5913
5345
1729
5358
1927
672
7001
5817
11960
3000
316
653
5767
3495
3484
322
10498
7129
1599
238
4292
1017
4374
1086
5422
716
9955
2109
543
4848
6434
9751
5478
385
15964
6220
1421
9612
304
1848
8065
504
1570
365
3518
3380
1695
3037
1310
17773
3440
7956
15469
9330
22
10385
3381
1346
6656
43271
1049
6090
2350
1615
12843
3818
1767
12
566
4268
873
4984
3680
3899
18010
794
931
24544
4092
3193
5894
11096
1303
1029
7198
294
4883
868
1912
2576
1115
7858
20500
4696
3720
152
3805
2110
5724
12563
9430
1055
1543
4215
6655
5737
3653
6518
11689
2287
4411
1523
5137
12463
322
1968
243
151
5363
5081
14440
541
359
262
1927
8024
1097
3208
1339
2860
2338
2955
9020
2345
1364
3979
2362
6941
136
5840
268
1728
3862
110
4445
8903
1695
1222
16113
922
5903
1129
182
8306
833
319
11221
3599
9013
3665
532
3426
202
8469
2513
17299
422
837
10651
4364
5482
8615
3010
1842
2476
7055
2381
5949
2085
4101
6338
4593
14808
15128
28
1659
5919
8261
17739
9814
1440
5004
6856
5061
8020
774
53
1991
4701
1454
1968
6386
1700
1904
1361
4479
63
1108
3640
16003
5221
4307
4427
577
1428
7808
3542
2949
1744
2569
2999
3132
104
4906
3932
19745
5106
4862
7168
618
7426
7416
699
2132
8062
6887
4194
7160
700
4181
7744
12896
1490
8027
644
12609
5274
7193
9385
3408
6349
4048
2721
14772
9352
9775
4389
2093
6712
283
6385
1087
1983
2716
3821
1723
1251
3181
2589
5884
3207
13183
3221
2741
989
2412
8280
13619
12993
414
13199
3173
3042
5407
6064
859
3802
813
1315
3651
2251
1314
3637
3125
1504
295
7954
7048
14490
7274
1347
802
769
189
910
6552
1698
6247
3028
3433
223
1990
4395
88
9090
7336
5336
12317
1079
4320
20844
9995
2835
1641
9087
11742
4691
54
7468
6884
14445
10186
2679
11405
1713
7299
678
1805
1714
3264
5219
4722
2517
587
4484
6310
23987
7688
5255
3509
5942
5465
3012
3897
3323
504
2536
1007
4195
7876
3039
3241
11638
13589
6445
1481
350
1558
1191
6000
4103
2447
1095
3176
1580
7096
723
1523
2262
99
689
232
3153
8652
3174
987
3162
11996
206
7644
914
174
4039
1881
5696
6990
6709
3435
1054
2284
2166
6423
7234
2234
329
8196
6127
2834
8208
2051
10998
10288
526
2676
4669
3518
2974
3016
6117
2409
5152
827
5957
8568
14696
323
4133
66
854
1617
8050
257
6225
1773
5743
1232
4088
261
14014
7522
2454
4240
3456
1113
10346
246
2737
380
1209
890
146
47
451
640
1465
913
3459
9795
17694
3326
15320
447
1275
1857
7890
4388
2304
1671
466
10722
3776
9504
9235
6315
3031
2704
3511
5653
1176
5723
3365
2325
522
2805
5458
4150
856
1481
5302
3907
907
1812
8264
698
972
3908
3114
3739
1130
11167
8429
85
3181
10013
11401
91
1754
3691
5456
3000
2650
8873
661
2523
8000
1675
7008
1639
3573
1914
10
11906
3893
47
824
1481
8275
7250
907
1866
7342
2864
14417
2635
1613
5184
6743
7073
31
3717
186
3658
8993
855
2327
8276
24223
6691
6850
1498
9551
3778
5233
675
1192
3906
4696
14695
4322
1965
3420
3408
414
14004
5092
2581
548
2134
612
1090
733
10115
4708
560
4571
7034
724
2268
1402
1382
5600
355
1748
135
11360
5096
5407
2642
1758
16592
516
1467
1055
1034
6963
8775
736
5401
4730
5259
984
5509
3623
2460
3905
6170
233
4432
2293
369
18645
3171
2641
17838
979
10541
745
6039
3304
3071
20929
2942
3826
3983
1598
2669
13218
1473
6220
211
1182
6704
8235
2561
15042
10293
9849
9567
3449
3094
178
6587
6070
330
1317
1533
9644
12788
2640
1235
17943
7330
1248
1457
1220
4304
351
552
5711
2105
310
2027
6062
5136
5346
16611
3114
6962
4850
11596
8069
2914
1865
1216
1184
2144
14195
5557
2788
3118
1034
331
2831
3335
649
4701
1461
4680
7187
260
625
4840
3855
277
1279
478
5043
1685
3091
3752
1888
4996
2495
3821
4303
1988
9158
3176
851
2953
116
3639
1529
2740
22
878
8731
3448
5569
3497
1056
280
5912
5503
1354
13448
1830
8739
2612
4311
7918
16
5823
461
17881
6822
10856
10477
1549
3816
2661
5023
12
296
13582
3929
2995
4498
290
5953
452
68
5547
1020
3925
24404
1326
6306
240
5956
6663
6308
517
2734
2266
3437
2276
257
560
353
10129
2196
11958
2181
6527
15909
1632
3671
1607
526
742
1790
3484
6544
2091
6128
2057
9813
799
4
12631
848
336
269
3726
1882
7053
17556
8456
1011
4433
2107
1795
7035
1337
1612
8130
10715
6305
2873
503
5226
6295
1833
2188
3450
946
130
2302
1283
377
290
7005
728
4867
9670
988
783
4671
1754
4104
1375
75
2591
1497
4202
2687
1237
944
13611
3475
4912
1149
459
6694
2017
6005
1453
1507
6004
6645
859
1998
3830
1882
71
227
2016
11884
309
4371
1302
9593
2734
5340
1404
9223
463
1486
3381
6078
2303
1092
783
2183
1145
842
884
2416
8349
931
4723
4221
1603
5421
9048
6954
7663
8207
24554
6358
2580
6246
4720
3227
2285
1540
10793
680
4856
3633
2227
3121
1304
6104
5128
12914
1994
321
3869
2222
8086
5616
541
1927
770
3783
394
2382
2533
537
3640
143
2248
2944
4836
11087
441
5461
2466
5833
10317
2243
2841
4422
9993
2021
2881
10292
10
224
7944
7956
8110
286
12012
1838
6416
3434
635
629
1642
286
3655
3208
3847
9261
7577
7240
1405
4495
2790
3261
1214
1872
3066
341
1185
4173
479
5901
5416
7128
10353
7144
929
18369
8330
611
6884
6172
5067
6668
901
3179
6732
13665
1753
1625
3502
4988
4369
16555
11954
3421
3328
3793
1532
649
189
2736
18715
26
5599
3371
3505
5193
661
599
487
11831
5916
333
3167
2996
2312
698
6034
263
15307
1360
2579
23
37
3367
19221
3954
7806
3124
3069
14212
16480
4088
737
2000
503
12928
7581
5352
15
12320
2565
7219
8742
5794
4177
1932
2425
2222
4748
905
164
4063
4858
1326
2684
723
4872
2410
2408
9678
3349
21592
15440
2716
22280
663
2258
4256
1012
706
446
4046
4050
6020
2178
462
377
3395
2080
526
13003
9554
1629
44
1348
4108
904
5352
323
7842
6135
6745
918
2873
141
4801
3668
5020
1259
11215
8440
2091
4454
2838
4397
627
5369
2494
1382
3845
5305
6516
3619
4470
1412
1128
1444
8054
1145
2298
13870
4732
13500
12430
3668
3370
2774
119
504
424
645
2535
464
8797
1736
8835
3763
2615
8654
2281
5206
180
999
41374
1685
595
86
2694
3284
3214
7813
3408
1730
585
49
2531
2578
15351
12843
10490
11966
7699
4893
2614
1796
5517
543
2319
6825
5799
5388
2074
2269
32
19959
141
2729
11672
4685
2684
13523
4949
6090
10331
155
2514
6816
1752
2168
3067
3177
4356
932
2386
5387
19710
7839
4049
3727
1060
814
4329
2821
3152
6211
3539
755
11240
2082
10108
259
806
3075
4102
5503
11027
10595
25
1279
1044
14699
3804
2220
2215
120
8609
4511
5320
3791
38
10145
12190
2842
11070
4483
5702
892
1399
4659
1320
2399
4486
434
4845
798
1198
8319
9191
5654
6851
940
8633
861
4167
1975
7546
2806
6579
4308
3910
2277
4802
4311
1385
5094
3771
742
4463
1914
8486
2193
2390
1737
2521
1942
1906
857
2563
9865
5722
5342
5593
1105
7771
4162
99
548
2669
11057
10564
1875
983
3442
2700
4005
7517
1820
2680
8532
5676
3301
209
1019
151
2745
1655
1016
10734
271
927
4216
2573
10052
1009
2453
236
4210
3968
2088
12639
3986
1907
3642
11034
6865
1044
4766
2824
5722
15666
13171
294
24
2089
4968
8699
3755
2877
3017
1172
1156
1781
563
56
2824
427
6884
7981
7848
3233
5197
7472
7892
2708
2879
2910
5532
5020
424
1789
3103
1933
6064
1554
298
463
6276
6853
923
7747
7352
402
1150
10268
10381
4635
1700
3155
7436
10588
715
17523
7720
2642
2225
3272
3799
6025
856
4996
2250
5351
607
332
308
16733
2508
849
7034
6578
15113
1376
8164
3926
10785
10176
3098
7424
32367
5172
2382
22
3194
1489
1286
2427
9517
2882
12124
1295
1815
3932
13940
1054
6470
385
4057
672
792
2395
942
4050
461
6549
14035
18290
7994
12114
17426
1662
2646
5779
3489
241
9257
4802
6050
3718
25
1793
2721
1186
4163
438
2695
4155
15000
3419
3234
1549
3619
1031
2439
5085
2646
4495
117
2204
1636
4418
1555
3841
7837
3423
1779
2270
944
12362
4740
3490
325
3008
1744
8095
1789
4055
2045
2316
4590
3595
3537
1503
2652
16906
3793
6040
11338
7074
393
247
5775
1084
3317
7597
1147
5003
4146
1155
1378
2686
319
561
8204
4160
3434
7478
3417
5169
2013
5417
1099
979
4398
4814
6328
11610
2613
2231
1122
6211
11522
6590
1168
13507
7985
2516
127
1048
6064
12141
8723
580
1174
1413
3034
1651
58
10321
9080
3774
1212
1478
1059
6617
1253
2591
2002
854
2213
3052
5562
15
1596
4134
6822
290
1115
9187
3292
13695
19
1255
2012
3069
157
614
8485
835
1041
6802
1293
5612
2210
3367
10195
3136
7723
8068
7666
6266
2144
3330
5125
122
3326
1341
1136
4869
8597
4145
3263
3043
3462
4373
288
7078
5061
461
638
2180
13632
1345
1057
3756
4866
18697
2351
4736
8076
737
15543
13398
902
7077
7236
2252
3838
399
4670
1696
1959
5940
4405
7345
4643
11800
3470
4243
10516
5137
1293
2294
2
9937
10198
2402
1139
14908
4369
178
3348
7733
1159
8673
3038
160
4700
7436
2441
8737
15769
2273
10788
903
2432
2343
4483
1135
18731
4028
2454
3667
1021
1431
761
5084
8015
15975
6209
227
303
6440
6350
2917
6786
3550
1590
3593
7490
1775
4188
663
12097
3533
57
2308
3241
5504
21
286
3194
988
6615
616
5565
1840
3400
6011
6315
5325
23
13306
5158
894
61
641
3615
269
2268
6139
500
5465
11
1514
135
4086
1440
4799
1136
2661
1697
8431
3214
7051
4389
2775
2660
9591
2378
8037
5038
430
7065
8569
8473
3750
4854
7344
100
4119
419
10624
6649
3278
12088
3638
8336
1008
5880
10994
6494
1751
439
1984
6602
6966
23
12493
7360
508
3446
8791
1816
1228
1954
4977
314
5213
298
11891
9194
269
1406
1083
391
5239
1591
2532
1081
11354
5692
18675
1376
5967
4361
317
2134
3493
899
7500
544
13246
7750
272
4797
1413
1935
1990
1045
2315
7975
6294
8539
3854
6400
3048
2356
1451
4448
521
6591
2048
4343
8143
3155
5242
608
229
988
6606
793
2139
11995
8808
4972
218
3306
306
6689
2649
1560
122
2641
623
808
6202
1953
7151
2299
1831
1181
1187
1836
1594
11859
13285
555
1933
3780
3830
510
1953
13474
2697
6356
417
1174
7411
2573
1967
4723
1305
1086
1831
14759
6849
7669
12089
3356
4934
7931
6805
1536
7893
13773
2120
3547
4617
3201
649
4595
1742
6589
1737
1754
8244
3038
1199
18921
16500
8964
6038
2136
1041
5339
1871
3174
3518
8351
3230
2797
9284
1887
853
932
6629
689
5810
3582
5759
2274
1399
8666
1579
5321
282
1593
15457
12086
402
3622
3653
232
4257
3320
1880
8367
6280
10205
2131
583
1818
714
3872
7537
2590
4631
559
165
1560
5676
944
56
2753
1891
3452
6495
167
245
6223
3334
4151
3813
195
3073
4878
1556
16225
15
882
4328
559
3449
10447
822
2222
745
2239
4228
1504
3177
6843
153
1124
1578
3011
635
3183
1671
1554
461
485
3833
77
1441
3549
1708
11596
59
1840
3258
4113
2821
1807
165
7533
1223
1252
2443
2935
4233
9172
4333
4572
10897
3431
9763
846
26667
4658
13111
3339
6297
1476
6109
5063
1753
1225
4673
583
1255
1516
2780
15782
3404
3281
295
863
2882
7109
1082
4909
3591
1115
3094
935
2460
1442
5891
606
2510
2807
3573
2636
3568
99
6025
9388
6931
1590
4177
8183
1258
698
8313
1621
13755
1871
8526
1192
4538
854
10050
4010
2568
3488
2622
5589
1495
8279
9393
8422
450
2310
7950
2065
18810
16196
4182
2708
4887
4970
2426
263
9161
4869
10299
364
9278
86
988
5435
2009
3481
6673
1181
13639
8427
1155
2898
13566
2529
47
11055
931
1095
6775
936
5856
2728
9554
1154
14549
653
7942
10936
1223
3867
5427
8205
9012
1280
1612
10284
7958
6054
434
11413
2697
4792
2598
1290
5533
18174
10003
1350
8566
1605
1918
14377
4349
1942
647
2199
203
346
8506
3590
13556
148
12784
15218
1351
5525
1826
9222
225
3262
1824
10348
5488
3840
4143
4420
8727
1635
1219
2020
5906
4650
5064
5343
229
917
2153
300
1071
4243
446
726
1964
7207
1403
6446
2378
4336
2288
761
13169
3026
3122
132
13869
6660
6251
4821
3269
2006
11423
27824
2905
5247
4126
7399
950
556
915
1001
3211
2012
978
1082
1358
2210
1332
7157
7025
9511
6468
9657
343
383
4024
1018
2398
2401
677
5630
580
1054
3105
6028
231
2398
6492
143
3130
3235
10138
2690
3430
110
681
2090
1601
3807
2048
9169
4317
5624
1117
4424
4767
2712
908
8075
3095
1584
11822
941
3196
1626
7376
392
6144
2406
12088
3993
11246
10670
2541
9919
9104
2141
656
1427
4648
2362
15802
1283
4619
1555
7649
7325
386
645
1660
1696
2674
9194
17683
11385
2425
9331
1138
5118
1547
10700
1717
22072
251
4283
562
806
3509
628
1119
3471
963
2544
8043
3312
10058
450
1243
6683
1409
5869
271
11072
3743
1556
11888
755
7158
6347
103
1378
2319
5752
6325
2052
24822
3522
3076
277
9944
4890
768
643
658
785
2616
8556
531
8211
895
1114
5038
1047
5284
4258
257
5772
301
1713
1033
175
4089
1078
6261
3741
6049
6347
2336
5916
3135
3018
3570
410
328
1164
1054
914
1808
3306
1651
260
1714
6893
2271
7086
4239
1349
9743
1524
1773
2494
5504
3442
1078
3789
5391
6526
4294
7053
8791
1399
1988
1469
4204
649
233
1378
1387
286
3328
4366
3263
227
3085
2416
6732
8407
1540
3050
246
3531
67
2382
1048
3373
5421
6592
2349
5005
2515
10037
48
1627
8373
5583
3527
1668
7879
11869
2847
7206
3185
1780
3127
2086
1868
19668
2370
5039
398
167
51
631
14037
10763
9609
743
1179
531
11277
1193
1815
999
1866
9678
4211
8394
11069
10605
8478
4001
2763
3354
5480
632
2154
6822
2532
6609
8809
6534
1882
1089
554
187
3138
486
5193
2201
12131
6123
5790
1151
1438
1039
3659
3747
8678
11714
2484
815
1801
163
6885
3305
12
1363
6151
4178
7335
3594
5898
5146
834
44
1012
14987
4397
1840
7629
15240
4026
175
77
283
4453
3516
4122
3793
7099
1406
3265
3809
7882
3613
1349
1989
6879
1225
14248
15183
3559
5504
2065
18256
27
2090
1464
1119
6619
8320
361
3222
8886
1139
2328
6851
13420
2486
308
5081
2425
5127
5023
363
298
4527
458
1360
10511
5553
3730
8
14999
107
15893
4276
4909
1357
124
1312
15264
1061
2180
6593
2665
2388
235
186
796
2448
2741
7546
795
411
4625
633
6053
6876
242
4726
8896
39
2542
7537
485
8926
443
10676
930
1507
13365
3439
7004
1063
7395
4122
1632
16
3941
4214
3036
516
4926
2098
1657
7391
836
5812
44
3295
8120
6382
393
921
885
5959
3368
84
1020
2891
12192
4484
13182
3492
492
3994
851
1777
375
17707
3502
14399
4001
110
5845
594
708
7028
10484
111
1028
2883
19556
6316
8055
12734
4372
2819
280
184
2244
1420
14043
540
646
404
11903
2932
8620
1484
2019
54
388
6090
2643
2308
3292
5551
509
133
1263
2392
10501
2627
5107
9779
1115
1041
2840
2269
2942
6147
10577
30
7507
4331
5870
3612
2513
4016
4687
3208
8726
4392
373
5274
6162
4281
5391
2560
2799
8822
3329
834
4546
1534
1588
10471
4391
412
3326
7987
9641
6993
16793
526
3932
1305
4433
2858
1511
5137
1742
5692
5368
423
3825
1073
5586
4577
2549
3863
1300
1668
9827
1747
9017
9940
2559
3895
4733
2613
7505
6057
1238
1172
51
5745
104
4061
1588
4562
873
45
11084
5036
1243
1922
4552
1085
5081
5124
1075
9577
2933
6881
198
3369
11242
10935
4001
4304
19143
241
7252
1291
4271
1193
361
5205
1394
12194
23
1184
4376
3723
10265
3902
18
3755
6861
4928
281
5239
8974
12557
7197
609
4318
2105
8388
1921
2020
1627
1639
2464
3201
823
385
9564
1949
20569
1401
357
445
11427
316
4199
13617
2117
9664
852
5569
1920
3920
5493
158
4531
20897
4093
1931
2203
1227
7739
22591
7916
182
2555
589
2281
3194
6056
428
6277
6923
6002
316
804
4735
3998
587
4047
1264
806
2616
1290
995
4534
1202
17738
1488
22
4168
836
7407
1520
7133
2294
1342
6844
12
6924
9416
160
2153
507
2425
182
10840
4416
3409
3252
586
2385
786
6636
9632
9705
8976
10178
3372
3119
5053
3371
669
10704
369
2308
6434
2542
4574
10951
17304
12356
2412
65
2089
3316
2185
1255
3921
1020
6263
155
3939
1173
1049
7496
1081
1188
1313
97
966
7730
16015
10115
3025
7247
4101
13025
397
11032
1664
1638
5052
2943
119
1004
4221
1286
3740
9050
16187
7107
1190
11059
1475
3979
3158
2849
532
13098
1307
3025
1060
1506
20129
503
6683
3428
1733
259
514
1077
803
3551
3691
1986
3050
284
1150
3024
7707
14029
8772
8658
2112
295
5139
2081
8976
2534
46
842
1457
7978
4324
3658
5234
706
14536
3701
4862
16034
902
3789
5475
2522
43
1675
1927
5676
4928
1742
9941
7891
4992
1310
4010
2763
1191
2695
1403
11409
4443
910
775
3492
6168
6692
5368
3882
2975
4487
2661
4089
4605
6385
3511
3943
2837
1942
9114
91
3266
958
5922
4351
23375
1952
3243
1099
2531
1312
1712
293
3857
6684
7241
1005
1809
321
650
3056
1721
2014
2746
2879
1695
31
2085
5526
817
2570
2460
9332
1635
1898
1829
8062
5939
8933
3463
10240
